ARMA_MAT_TXT_FN008
11 5
   2.1000000000000001e+00  -1.6619319316410599e+00   8.6846706301491872e-01   9.6745515614982636e-01   1.0017578325603926e+00
   2.1299999999999999e+00  -1.6317814863059452e+00   8.5036307615230455e-01   1.0636527255810446e+00   1.3798298827777185e+00
   2.1600000000000001e+00  -1.5980186818080606e+00   8.2720691716766859e-01   1.1865611709125927e+00   2.1483153686825176e+00
   2.1899999999999999e+00  -1.5601980171454017e+00   7.9678273213092854e-01   1.3511184248002284e+00   3.9807885129117881e+00
   2.2200000000000002e+00  -1.5161627165441995e+00   7.5206936985081274e-01   1.5934619133983805e+00   8.9597722414459842e+00
   2.2500000000000000e+00  -1.4631777054108217e+00   6.7624050768203070e-01   1.9725427876292270e+00   2.6757676832997646e+01
   2.2799999999999998e+00  -1.4013794154976620e+00   5.5548377087508349e-01   2.2379492286714138e+00   5.2693844613955413e+01
   2.3100000000000001e+00  -1.3366156568692942e+00   4.0194038521487419e-01   1.9816077787701571e+00   6.0392601634592033e+01
   2.3399999999999999e+00  -1.2824549821865954e+00   2.7535538966822537e-01   1.5476044541530283e+00   4.6296618905689371e+01
   2.3700000000000001e+00  -1.2409223346693388e+00   2.1451440325094631e-01   1.3071779829008614e+00   3.3180987209484364e+01
   2.3999999999999999e+00  -1.2039561500779337e+00   1.6652754843019374e-01   1.1267769124934144e+00   2.0895351453290804e+01
