ARMA_MAT_TXT_FN008
11 5
   2.1000000000000001e+00  -1.6619700921843688e+00   8.6861478376753509e-01   9.6599571958285602e-01   9.6910238876442112e-01
   2.1299999999999999e+00  -1.6317552593186373e+00   8.5030073186372745e-01   1.0655885009787802e+00   1.4884456719332178e+00
   2.1600000000000001e+00  -1.5983036861723448e+00   8.2767401983967936e-01   1.1842206607123040e+00   2.2270150689394383e+00
   2.1899999999999999e+00  -1.5603592893787577e+00   7.9687414529058120e-01   1.3594148309123033e+00   4.6035894367316539e+00
   2.2200000000000002e+00  -1.5169873038076154e+00   7.5416177975951904e-01   1.5862848302096224e+00   9.1675638419846148e+00
   2.2500000000000000e+00  -1.4638439210420842e+00   6.7473337214428863e-01   2.0135119013927603e+00   3.6359224617623617e+01
   2.2799999999999998e+00  -1.3937189907815630e+00   4.8212487234468937e-01   2.4424005056739722e+00   1.3774294722235598e+02
   2.3100000000000001e+00  -1.3294854917835672e+00   2.8389105651302604e-01   1.8572742749651396e+00   1.1806076839052129e+02
   2.3399999999999999e+00  -1.2794760829659317e+00   1.7049325611222446e-01   1.4319366469067085e+00   6.0022412973515131e+01
   2.3700000000000001e+00  -1.2394562893787575e+00   1.2776275631262526e-01   1.2487441820256100e+00   3.6426301199538045e+01
   2.3999999999999999e+00  -1.2040101386773547e+00   1.0123997214428856e-01   1.1158122703267470e+00   2.3411256909248607e+01
