ARMA_MAT_TXT_FN008
11 5
   2.1000000000000001e+00  -1.6620468111222446e+00   8.6883085045090180e-01   9.5782678712583347e-01   9.2716642549147810e-01
   2.1299999999999999e+00  -1.6320712224448899e+00   8.5097915330661322e-01   1.0556940962120824e+00   1.2924241544380937e+00
   2.1600000000000001e+00  -1.5979279208416832e+00   8.2688869238476959e-01   1.1914593977000900e+00   2.3168423655782435e+00
   2.1899999999999999e+00  -1.5604969939879760e+00   7.9776496242484973e-01   1.3357266952685327e+00   3.6192945967358350e+00
   2.2200000000000002e+00  -1.5175306212424851e+00   7.5669287825651310e-01   1.5371020107629443e+00   6.7838750956018945e+00
   2.2500000000000000e+00  -1.4655857064128255e+00   6.8972747369739484e-01   1.8303946390684787e+00   1.4611390546528080e+01
   2.2799999999999998e+00  -1.4078693386773549e+00   6.0013725576152299e-01   1.9679598113627128e+00   2.3607234167965213e+01
   2.3100000000000001e+00  -1.3456938326653307e+00   4.8234131638276551e-01   1.9548317290987105e+00   3.1465290626401270e+01
   2.3399999999999999e+00  -1.2924824549098197e+00   3.8877677104208419e-01   1.7003632197657454e+00   2.9498271369915688e+01
   2.3700000000000001e+00  -1.2467950551102205e+00   3.1173771543086171e-01   1.4225499503618713e+00   2.4327405555848369e+01
   2.3999999999999999e+00  -1.2071136422845692e+00   2.5238194514028056e-01   1.2104309351370326e+00   1.8891650072218773e+01
