ARMA_MAT_TXT_FN008
11 5
   2.1000000000000001e+00  -1.6618996630761522e+00   8.6846177761773546e-01   9.6632266003066192e-01   9.9098113834431079e-01
   2.1299999999999999e+00  -1.6313727129258517e+00   8.4789769351202404e-01   1.1085404865116084e+00   6.4491221966799097e+00
   2.1600000000000001e+00  -1.5982253951653307e+00   8.2754863007264534e-01   1.1828070427770370e+00   2.1739297707164140e+00
   2.1899999999999999e+00  -1.5605921687124249e+00   7.9780108936623251e-01   1.3412071955212499e+00   3.6803892134703684e+00
   2.2200000000000002e+00  -1.5160931462925851e+00   7.5045915424599197e-01   1.6295747184192353e+00   1.3485824396823288e+01
   2.2500000000000000e+00  -1.4628193230210420e+00   6.7227809431362717e-01   2.0407242589186372e+00   3.3810051803893614e+01
   2.2799999999999998e+00  -1.3962915493486974e+00   5.1068705129008019e-01   2.3881474954499495e+00   9.5082240755123820e+01
   2.3100000000000001e+00  -1.3308543668587176e+00   3.2779165299348700e-01   1.9622311417494731e+00   9.5733611281442876e+01
   2.3399999999999999e+00  -1.2803918631012023e+00   2.1097583009769541e-01   1.4605589603868605e+00   5.5901908542115770e+01
   2.3700000000000001e+00  -1.2395741282565129e+00   1.5783112318386774e-01   1.2612261000033154e+00   3.4320550662145912e+01
   2.3999999999999999e+00  -1.2042341213677354e+00   1.2645111973947895e-01   1.1316719866970544e+00   2.3003848607398801e+01
