ARMA_MAT_TXT_FN008
121 5
   1.6000000000000001e+00  -1.9281126000000002e+00   3.7194094320000000e+00   9.7917684999999999e-01   9.5927187474999998e-01
   1.6083333333333334e+00  -1.9261769000000000e+00   3.7119443510000001e+00   9.7891905000000001e-01   9.5851341675000001e-01
   1.6166666666666667e+00  -1.9224570000000001e+00   3.6979613140000001e+00   9.7597199999999995e-01   9.5443642949999996e-01
   1.6250000000000000e+00  -1.9206207000000002e+00   3.6908537590000003e+00   9.7615594999999999e-01   9.5410661575000011e-01
   1.6333333333333335e+00  -1.9190777999999999e+00   3.6848636939999997e+00   9.7649089999999994e-01   9.5393407899999993e-01
   1.6416666666666668e+00  -1.9160427000000000e+00   3.6733417810000000e+00   9.7532465000000002e-01   9.5182294324999994e-01
   1.6500000000000001e+00  -1.9141807000000002e+00   3.6662263229999992e+00   9.7504190000000002e-01   9.5109647949999998e-01
   1.6583333333333334e+00  -1.9117177999999999e+00   3.6568249460000004e+00   9.7439359999999997e-01   9.4971610399999995e-01
   1.6666666666666667e+00  -1.9089233999999999e+00   3.6462683280000001e+00   9.7317785000000001e-01   9.4758184125000000e-01
   1.6750000000000000e+00  -1.9063934000000000e+00   3.6366686939999995e+00   9.7257884999999999e-01   9.4629894124999991e-01
   1.6833333333333333e+00  -1.9040157999999998e+00   3.6276656720000000e+00   9.7181229999999996e-01   9.4477820299999993e-01
   1.6916666666666667e+00  -1.9006445000000001e+00   3.6149769189999996e+00   9.7045690000000007e-01   9.4244688150000000e-01
   1.7000000000000002e+00  -1.8979023000000002e+00   3.6045760969999998e+00   9.6990929999999997e-01   9.4109347650000008e-01
   1.7083333333333335e+00  -1.8955792999999999e+00   3.5958573930000002e+00   9.6902590000000000e-01   9.3949593450000002e-01
   1.7166666666666668e+00  -1.8919687000000001e+00   3.5822708329999999e+00   9.6786550000000005e-01   9.3718754749999988e-01
   1.7250000000000001e+00  -1.8887663000000001e+00   3.5702697270000003e+00   9.6653050000000007e-01   9.3489339049999998e-01
   1.7333333333333334e+00  -1.8861542999999998e+00   3.5605030969999998e+00   9.6567124999999998e-01   9.3326585824999997e-01
   1.7416666666666667e+00  -1.8820838000000000e+00   3.5456027780000006e+00   9.6215794999999993e-01   9.2854956175000003e-01
   1.7500000000000000e+00  -1.8806075000000000e+00   3.5396568670000002e+00   9.6421530000000000e-01   9.3012927049999994e-01
   1.7583333333333333e+00  -1.8765735000000001e+00   3.5247529729999996e+00   9.6237949999999994e-01   9.2696432550000007e-01
   1.7666666666666668e+00  -1.8726541000000001e+00   3.5100525530000004e+00   9.6137750000000000e-01   9.2477917050000003e-01
   1.7750000000000001e+00  -1.8697117000000001e+00   3.4992263869999993e+00   9.6016065000000006e-01   9.2268236525000003e-01
   1.7833333333333334e+00  -1.8667464000000002e+00   3.4882298060000001e+00   9.5909065000000004e-01   9.2065165974999996e-01
   1.7916666666666667e+00  -1.8633009000000000e+00   3.4753940189999999e+00   9.5813654999999998e-01   9.1860884124999997e-01
   1.8000000000000000e+00  -1.8597214000000002e+00   3.4621535719999996e+00   9.5697230000000000e-01   9.1634785850000011e-01
   1.8083333333333333e+00  -1.8548601999999998e+00   3.4444041259999998e+00   9.5471874999999995e-01   9.1252821274999996e-01
   1.8166666666666669e+00  -1.8513480000000000e+00   3.4313773139999997e+00   9.5378289999999999e-01   9.1035876699999996e-01
   1.8250000000000002e+00  -1.8480435999999998e+00   3.4192984360000001e+00   9.5266910000000005e-01   9.0839545450000003e-01
   1.8333333333333335e+00  -1.8436251000000001e+00   3.4030760529999999e+00   9.5063249999999999e-01   9.0495756600000010e-01
   1.8416666666666668e+00  -1.8401276000000002e+00   3.3902871539999997e+00   9.4982580000000005e-01   9.0294192049999999e-01
   1.8500000000000001e+00  -1.8345395999999998e+00   3.3700234099999999e+00   9.4730115000000004e-01   8.9843346774999999e-01
   1.8583333333333334e+00  -1.8311773000000000e+00   3.3579158789999997e+00   9.4495384999999998e-01   8.9521496624999997e-01
   1.8666666666666667e+00  -1.8266773999999999e+00   3.3413419019999999e+00   9.4451684999999996e-01   8.9315940374999991e-01
   1.8750000000000000e+00  -1.8233294000000000e+00   3.3292700559999999e+00   9.4351344999999998e-01   8.9113034624999998e-01
   1.8833333333333333e+00  -1.8170582000000002e+00   3.3069614899999999e+00   9.3887179999999992e-01   8.8458433599999986e-01
   1.8916666666666668e+00  -1.8139042000000001e+00   3.2952535200000002e+00   9.3968169999999995e-01   8.8416838749999993e-01
   1.9000000000000001e+00  -1.8087629999999999e+00   3.2769072140000000e+00   9.3713005000000005e-01   8.7993511324999996e-01
   1.9083333333333334e+00  -1.8039770000000002e+00   3.2597459560000002e+00   9.3549285000000004e-01   8.7674819075000010e-01
   1.9166666666666667e+00  -1.8003626000000001e+00   3.2467973059999999e+00   9.3431145000000004e-01   8.7424641374999990e-01
   1.9250000000000000e+00  -1.7948395000000001e+00   3.2271222629999996e+00   9.3192925000000004e-01   8.7011312225000004e-01
   1.9333333333333333e+00  -1.7900916000000000e+00   3.2102004700000002e+00   9.3030860000000004e-01   8.6699632150000006e-01
   1.9416666666666669e+00  -1.7850459000000001e+00   3.1923304829999997e+00   9.2812200000000000e-01   8.6301947649999999e-01
   1.9500000000000002e+00  -1.7802960000000001e+00   3.1755620020000004e+00   9.2636070000000004e-01   8.5970484499999988e-01
   1.9583333333333335e+00  -1.7739542000000001e+00   3.1534170899999996e+00   9.2265005000000000e-01   8.5351413874999993e-01
   1.9666666666666668e+00  -1.7681498999999998e+00   3.1330118929999995e+00   9.2093399999999992e-01   8.5001619049999999e-01
   1.9750000000000001e+00  -1.7636507000000001e+00   3.1171932730000003e+00   9.1921490000000006e-01   8.4665835200000006e-01
   1.9833333333333334e+00  -1.7579589000000002e+00   3.0971904450000003e+00   9.1684380000000010e-01   8.4225252799999983e-01
   1.9916666666666667e+00  -1.7503198999999998e+00   3.0709574289999999e+00   9.1268649999999996e-01   8.3525920450000002e-01
   2.0000000000000000e+00  -1.7449186999999999e+00   3.0520820569999998e+00   9.1079380000000010e-01   8.3168936000000004e-01
   2.0083333333333333e+00  -1.7383623000000001e+00   3.0294620710000002e+00   9.0770365000000008e-01   8.2612139375000004e-01
   2.0166666666666666e+00  -1.7305245999999999e+00   3.0027141039999998e+00   9.0358735000000001e-01   8.1917929924999999e-01
   2.0249999999999999e+00  -1.7263939000000001e+00   2.9883994349999998e+00   9.0216514999999997e-01   8.1631753325000000e-01
   2.0333333333333332e+00  -1.7188181000000000e+00   2.9628232050000003e+00   8.9693294999999995e-01   8.0840574425000000e-01
   2.0416666666666670e+00  -1.7134270000000000e+00   2.9444770000000000e+00   8.9527024999999993e-01   8.0459923775000008e-01
   2.0500000000000003e+00  -1.7054860000000001e+00   2.9175788819999999e+00   8.9189455000000006e-01   7.9860413425000010e-01
   2.0583333333333336e+00  -1.6998527999999999e+00   2.8985298340000001e+00   8.8953899999999997e-01   7.9446380999999999e-01
   2.0666666666666669e+00  -1.6939757000000000e+00   2.8787654649999999e+00   8.8684434999999995e-01   7.8971979574999995e-01
   2.0750000000000002e+00  -1.6837870000000001e+00   2.8449613359999999e+00   8.8003100000000001e-01   7.7895745500000002e-01
   2.0833333333333335e+00  -1.6777389999999999e+00   2.8246849199999997e+00   8.7782159999999998e-01   7.7433005749999995e-01
   2.0916666666666668e+00  -1.6685041000000000e+00   2.7947587609999998e+00   8.7037419999999999e-01   7.6375622150000000e-01
   2.1000000000000001e+00  -1.6608879999999999e+00   2.7697174160000002e+00   8.6650154999999995e-01   7.5759900074999997e-01
   2.1083333333333334e+00  -1.6522426000000001e+00   2.7415336900000002e+00   8.6099755000000000e-01   7.4870071825000006e-01
   2.1166666666666667e+00  -1.6453844000000000e+00   2.7189171839999999e+00   8.5746425000000004e-01   7.4256700924999997e-01
   2.1250000000000000e+00  -1.6394717999999999e+00   2.6992306339999996e+00   8.5666094999999998e-01   7.3956637675000003e-01
   2.1333333333333333e+00  -1.6261774000000000e+00   2.6569720380000001e+00   8.4582570000000012e-01   7.2405781149999993e-01
   2.1416666666666666e+00  -1.6185779999999999e+00   2.6324744679999998e+00   8.4021089999999998e-01   7.1562399050000003e-01
   2.1500000000000004e+00  -1.6107379000000002e+00   2.6071879969999996e+00   8.3790874999999998e-01   7.0993618824999993e-01
   2.1583333333333332e+00  -1.5982651000000001e+00   2.5683162289999997e+00   8.2563650000000000e-01   6.9366325350000002e-01
   2.1666666666666670e+00  -1.5901308999999999e+00   2.5425201049999999e+00   8.2209874999999999e-01   6.8661870175000006e-01
   2.1749999999999998e+00  -1.5792103000000000e+00   2.5088291030000001e+00   8.1438929999999998e-01   6.7501475450000004e-01
   2.1833333333333336e+00  -1.5693360999999999e+00   2.4778551129999999e+00   8.0758120000000000e-01   6.6514508499999991e-01
   2.1916666666666669e+00  -1.5602382000000001e+00   2.4495543399999997e+00   8.0124539999999989e-01   6.5565342750000011e-01
   2.2000000000000002e+00  -1.5470291000000000e+00   2.4096437909999997e+00   7.8886604999999999e-01   6.3881836125000002e-01
   2.2083333333333335e+00  -1.5383506000000000e+00   2.3833852579999997e+00   7.8224774999999991e-01   6.2981910274999997e-01
   2.2166666666666668e+00  -1.5251309000000000e+00   2.3437070550000003e+00   7.6826600000000000e-01   6.1245294900000002e-01
   2.2250000000000001e+00  -1.5149865000000000e+00   2.3128876470000002e+00   7.6170785000000008e-01   6.0197998274999998e-01
   2.2333333333333334e+00  -1.4947342000000001e+00   2.2535251379999997e+00   7.3707109999999998e-01   5.7211414049999998e-01
   2.2416666666666667e+00  -1.4884541000000000e+00   2.2348531189999998e+00   7.3581830000000004e-01   5.6935696050000006e-01
   2.2500000000000000e+00  -1.4764641000000001e+00   2.1993883890000001e+00   7.2660009999999997e-01   5.5569005549999995e-01
   2.2583333333333333e+00  -1.4653963000000001e+00   2.1671914210000001e+00   7.1508820000000006e-01   5.4173652350000001e-01
   2.2666666666666666e+00  -1.4446892000000002e+00   2.1082071380000000e+00   6.8839064999999999e-01   5.1114613824999999e-01
   2.2750000000000004e+00  -1.4370486999999998e+00   2.0862090310000001e+00   6.8837450000000000e-01   5.0871555300000004e-01
   2.2833333333333332e+00  -1.4203828000000001e+00   2.0391035720000001e+00   6.6385830000000001e-01   4.8169559649999993e-01
   2.2916666666666670e+00  -1.4139889000000001e+00   2.0204270510000004e+00   6.6605429999999988e-01   4.8036997800000003e-01
   2.2999999999999998e+00  -1.3923907999999998e+00   1.9608913520000000e+00   6.3394105000000001e-01   4.4635913875000000e-01
   2.3083333333333336e+00  -1.3807320000000001e+00   1.9284596059999999e+00   6.2461239999999996e-01   4.3465013250000006e-01
   2.3166666666666669e+00  -1.3744095000000001e+00   1.9110060530000001e+00   6.2260855000000004e-01   4.3109617524999999e-01
   2.3250000000000002e+00  -1.3528207000000001e+00   1.8527624990000000e+00   5.9141089999999996e-01   3.9904162850000002e-01
   2.3333333333333335e+00  -1.3407424999999999e+00   1.8199416949999998e+00   5.7801944999999999e-01   3.8506680674999993e-01
   2.3416666666666668e+00  -1.3271651000000000e+00   1.7835702969999998e+00   5.6170414999999996e-01   3.6696672175000000e-01
   2.3500000000000001e+00  -1.3145970000000000e+00   1.7499369359999999e+00   5.5011080000000001e-01   3.5247953349999994e-01
   2.3583333333333334e+00  -1.3047127999999999e+00   1.7244379639999998e+00   5.3565045000000000e-01   3.4122144574999996e-01
   2.3666666666666667e+00  -1.2846532000000002e+00   1.6715815039999999e+00   5.1175660000000001e-01   3.1333514700000004e-01
   2.3750000000000000e+00  -1.2756575999999999e+00   1.6490688619999998e+00   5.0200025000000004e-01   3.0567788925000000e-01
   2.3833333333333333e+00  -1.2573941000000000e+00   1.6016543870000000e+00   4.7636019999999996e-01   2.7933279750000001e-01
   2.3916666666666666e+00  -1.2475620000000001e+00   1.5768708700000000e+00   4.6665069999999997e-01   2.7111885550000003e-01
   2.4000000000000004e+00  -1.2346722000000001e+00   1.5446016800000000e+00   4.4497205000000001e-01   2.5149571524999997e-01
   2.4083333333333332e+00  -1.2268697000000000e+00   1.5248919290000000e+00   4.4236510000000001e-01   2.4822404750000002e-01
   2.4166666666666670e+00  -1.2127467000000001e+00   1.4901329610000000e+00   4.2302035000000004e-01   2.3029234974999999e-01
   2.4249999999999998e+00  -1.2002831000000000e+00   1.4596350949999999e+00   4.0765620000000002e-01   2.1790152850000002e-01
   2.4333333333333336e+00  -1.1914296000000000e+00   1.4379581080000001e+00   3.9945660000000005e-01   2.1011213149999999e-01
   2.4416666666666669e+00  -1.1827394000000000e+00   1.4172320780000001e+00   3.9222754999999998e-01   2.0291501625000000e-01
   2.4500000000000002e+00  -1.1707460000000001e+00   1.3884472800000001e+00   3.7602384999999999e-01   1.8907781525000003e-01
   2.4583333333333335e+00  -1.1633536000000000e+00   1.3702459460000000e+00   3.6971625000000002e-01   1.8236128024999998e-01
   2.4666666666666668e+00  -1.1589710000000000e+00   1.3606042660000000e+00   3.7062790000000001e-01   1.8338773500000000e-01
   2.4750000000000001e+00  -1.1415305000000000e+00   1.3194656769999999e+00   3.4752205000000003e-01   1.6320977724999999e-01
   2.4833333333333334e+00  -1.1340003999999999e+00   1.3020846119999998e+00   3.3640349999999997e-01   1.5633962650000000e-01
   2.4916666666666667e+00  -1.1258783999999999e+00   1.2833161520000000e+00   3.2567779999999996e-01   1.4768950500000000e-01
   2.5000000000000000e+00  -1.1150435999999999e+00   1.2588192599999999e+00   3.1214160000000002e-01   1.3743531349999999e-01
   2.5083333333333333e+00  -1.1078889999999999e+00   1.2423993680000001e+00   3.0621300000000001e-01   1.3197827849999999e-01
   2.5166666666666666e+00  -1.1005809000000000e+00   1.2260405509999999e+00   2.9961759999999998e-01   1.2839022050000001e-01
   2.5249999999999999e+00  -1.0943948999999999e+00   1.2121225070000001e+00   2.9841909999999999e-01   1.2626701000000001e-01
   2.5333333333333332e+00  -1.0902752000000000e+00   1.2032201039999999e+00   2.9496110000000003e-01   1.2355778549999999e-01
   2.5416666666666670e+00  -1.0799316999999999e+00   1.1804970529999999e+00   2.8356400000000004e-01   1.1586467100000000e-01
   2.5499999999999998e+00  -1.0730832000000001e+00   1.1653064199999998e+00   2.7913284999999999e-01   1.1159962675000000e-01
   2.5583333333333336e+00  -1.0645549000000001e+00   1.1470578050000000e+00   2.7024585000000001e-01   1.0558569624999999e-01
   2.5666666666666669e+00  -1.0616497000000000e+00   1.1408163430000000e+00   2.7411354999999998e-01   1.0732701774999999e-01
   2.5750000000000002e+00  -1.0480921000000001e+00   1.1114965970000001e+00   2.5066519999999998e-01   9.2535718500000003e-02
   2.5833333333333335e+00  -1.0469971000000000e+00   1.1096094930000000e+00   2.6250279999999998e-01   1.0004961849999999e-01
   2.5916666666666668e+00  -1.0368203999999999e+00   1.0878793820000001e+00   2.4728720000000001e-01   8.9602986999999995e-02
   2.6000000000000001e+00  -1.0312911999999999e+00   1.0760769560000001e+00   2.4289130000000000e-01   8.6478950999999998e-02
