ARMA_MAT_TXT_FN008
11 5
   2.2500000000000000e+00  -1.4642089595190382e+00   6.7632579619238475e-01   1.9558467476538670e+00   3.5744665636906362e+01
   2.2599999999999998e+00  -1.4419090016032066e+00   6.2312704909819638e-01   2.2491545289922916e+00   6.9444059688800337e+01
   2.2700000000000000e+00  -1.4198946661322644e+00   5.7219297575150296e-01   2.3617769212410371e+00   8.8810003482200500e+01
   2.2800000000000002e+00  -1.3919759995991983e+00   4.6845477535070146e-01   2.4749144771783880e+00   1.4464462437937982e+02
   2.2900000000000000e+00  -1.3707369963927856e+00   4.0903185971943884e-01   2.3618640892014544e+00   1.5099852600409702e+02
   2.2999999999999998e+00  -1.3489372376753508e+00   3.3379243066132264e-01   2.1288115327226418e+00   1.4637322251171781e+02
   2.3100000000000001e+00  -1.3277777687374750e+00   2.6959198577154309e-01   1.8520283190009679e+00   1.1811033303394930e+02
   2.3200000000000003e+00  -1.3100488308617233e+00   2.2461963226452908e-01   1.6451952305249200e+00   9.5069497719339751e+01
   2.3300000000000001e+00  -1.2951743086172345e+00   1.9864504689378759e-01   1.5729839088978743e+00   7.9370829198120759e+01
   2.3399999999999999e+00  -1.2795998168336673e+00   1.7396732905811621e-01   1.4402659493259364e+00   6.2235913468065789e+01
   2.3500000000000001e+00  -1.2660829318637274e+00   1.5435098436873748e-01   1.3706171982198778e+00   5.2433703824811140e+01
