ARMA_MAT_TXT_FN008
41 5
   2.2599999999999998e+00  -1.4403548276553106e+00   6.1444737334669342e-01   2.2914306944614995e+00   8.3277018750662705e+01
   2.2609999999999997e+00  -1.4409416468937875e+00   6.2787738396793580e-01   2.2199120267756665e+00   6.2672898996480669e+01
   2.2619999999999996e+00  -1.4376160629258519e+00   6.1455883887775553e-01   2.2985402747581136e+00   7.8205180784338268e+01
   2.2629999999999999e+00  -1.4370014873747494e+00   6.2106172304609220e-01   2.2108568923778171e+00   6.0772533262570413e+01
   2.2639999999999998e+00  -1.4329314617234470e+00   6.0365914949899802e-01   2.3462329531681139e+00   8.3371551123510912e+01
   2.2649999999999997e+00  -1.4306166404809619e+00   5.9644591282565129e-01   2.2925158057361252e+00   8.3480809291998227e+01
   2.2660000000000000e+00  -1.4286459955911823e+00   5.9155010220440885e-01   2.3445478115522156e+00   8.7632670054979954e+01
   2.2669999999999999e+00  -1.4248626685370742e+00   5.7738743126252501e-01   2.4292688725386871e+00   9.6909203866678268e+01
   2.2679999999999998e+00  -1.4250888641282564e+00   5.8810884749498993e-01   2.3479622083340006e+00   8.7561693125396872e+01
   2.2689999999999997e+00  -1.4208056092184367e+00   5.6529256993987975e-01   2.4453809066957826e+00   1.1017239044198875e+02
   2.2699999999999996e+00  -1.4184026456913830e+00   5.5933452484969937e-01   2.4432506881731335e+00   1.0762389794963786e+02
   2.2709999999999999e+00  -1.4135586705410821e+00   5.3700630380761516e-01   2.5120137954467192e+00   1.2814413595284589e+02
   2.2719999999999998e+00  -1.4128907386773548e+00   5.4157011883767536e-01   2.4855417908120647e+00   1.1777649451571233e+02
   2.2729999999999997e+00  -1.4112289446893789e+00   5.3905894729458925e-01   2.4384959186649815e+00   1.1700895847006848e+02
   2.2740000000000000e+00  -1.4091223947895790e+00   5.3611434148296588e-01   2.4137333365474065e+00   1.1180377562835980e+02
   2.2749999999999999e+00  -1.4050541515030059e+00   5.1046300140280554e-01   2.4726877775250995e+00   1.4239579799000887e+02
   2.2759999999999998e+00  -1.4039734068136271e+00   5.1500398356713428e-01   2.4960130888922261e+00   1.3194999946572810e+02
   2.2769999999999997e+00  -1.4007354701402805e+00   4.9997519839679361e-01   2.5046790050543368e+00   1.4407894905573417e+02
   2.2779999999999996e+00  -1.3966707635270541e+00   4.8145059398797596e-01   2.4762930539998886e+00   1.4487041633120455e+02
   2.2789999999999999e+00  -1.3968622781563127e+00   4.9402298617234469e-01   2.4595673046793034e+00   1.3629490367664974e+02
   2.2799999999999998e+00  -1.3913584521042084e+00   4.6276084408817636e-01   2.4864859958928887e+00   1.5160628351668680e+02
   2.2809999999999997e+00  -1.3912073310621242e+00   4.7134903767535069e-01   2.4427434434677560e+00   1.4609972566349603e+02
   2.2820000000000000e+00  -1.3902187274549098e+00   4.7981070681362725e-01   2.4242486749082501e+00   1.3437500245518814e+02
   2.2829999999999999e+00  -1.3875667975951904e+00   4.6469981142284567e-01   2.5155164148816938e+00   1.5128261106832380e+02
   2.2839999999999998e+00  -1.3823344549098198e+00   4.3836494348697397e-01   2.3953894028164453e+00   1.5248950939909059e+02
   2.2849999999999997e+00  -1.3815218565130261e+00   4.3973784468937877e-01   2.4067847738689574e+00   1.4999867686148644e+02
   2.2859999999999996e+00  -1.3791499082164329e+00   4.3534675851703408e-01   2.3931786604104599e+00   1.4770936253685767e+02
   2.2869999999999999e+00  -1.3762735062124247e+00   4.2382511783567134e-01   2.3428093767582521e+00   1.4878786469290208e+02
   2.2879999999999998e+00  -1.3758180096192385e+00   4.2323614108216434e-01   2.4237168891577836e+00   1.6295879894349255e+02
   2.2889999999999997e+00  -1.3711830829659319e+00   3.9884143827655311e-01   2.2851198704157771e+00   1.5851180735898836e+02
   2.2900000000000000e+00  -1.3685729126252506e+00   3.8928796753507011e-01   2.3479566546028248e+00   1.5983319832043713e+02
   2.2909999999999999e+00  -1.3689910801603207e+00   4.0674959699398794e-01   2.3370987424622061e+00   1.5305687416009630e+02
   2.2919999999999998e+00  -1.3644044617234470e+00   3.8446423707414829e-01   2.2391905111813353e+00   1.4300055577040263e+02
   2.2929999999999997e+00  -1.3633825086172344e+00   3.8423400000000002e-01   2.2445114124057035e+00   1.4625873932213307e+02
   2.2939999999999996e+00  -1.3620636368737475e+00   3.8112045170340680e-01   2.2425380320099011e+00   1.5219752729383964e+02
   2.2949999999999999e+00  -1.3596769987975952e+00   3.7453217414829659e-01   2.3094060128518961e+00   1.5515549589747923e+02
   2.2959999999999998e+00  -1.3542715863727455e+00   3.3914837755511024e-01   2.1210219310932059e+00   1.4894522105348744e+02
   2.2969999999999997e+00  -1.3542664492985972e+00   3.5098886232464926e-01   2.1464805039990011e+00   1.4383700434809668e+02
   2.2980000000000000e+00  -1.3507897883767535e+00   3.2923094689378757e-01   2.0814855501837828e+00   1.4548335424829290e+02
   2.2989999999999999e+00  -1.3498266440881763e+00   3.3215010521042082e-01   2.1089447456600139e+00   1.4721079105827553e+02
   2.2999999999999998e+00  -1.3471949963927854e+00   3.1794198857715433e-01   2.0448039628100534e+00   1.4313001059826374e+02
