ARMA_MAT_TXT_FN008
11 5
   2.2500000000000000e+00  -1.4636296467935872e+00   6.7732425382014028e-01   1.9613747449628551e+00   2.7799353234677628e+01
   2.2599999999999998e+00  -1.4444397908316633e+00   6.4372932677855710e-01   2.0743113414705201e+00   4.0890996941437940e+01
   2.2700000000000000e+00  -1.4197464410070142e+00   5.7814845065130271e-01   2.3293251323618027e+00   7.0647202442315162e+01
   2.2800000000000002e+00  -1.3959242535070140e+00   5.1158580692635269e-01   2.4060353999473536e+00   9.1931547013881371e+01
   2.2900000000000000e+00  -1.3732864854709419e+00   4.4727586516783563e-01   2.3190242744837430e+00   1.0339316964575173e+02
   2.2999999999999998e+00  -1.3508748565881763e+00   3.8341890217935876e-01   2.0940945331818854e+00   9.8053238839440695e+01
   2.3100000000000001e+00  -1.3306129390030059e+00   3.2185225638777554e-01   1.9227930014129118e+00   9.4159469833533279e+01
   2.3200000000000003e+00  -1.3126415092685371e+00   2.7901019382515030e-01   1.7168263208062262e+00   7.8221479997993796e+01
   2.3300000000000001e+00  -1.2962338032314631e+00   2.4876924380010021e-01   1.6415048717989646e+00   6.8891962069113546e+01
   2.3399999999999999e+00  -1.2809754840931864e+00   2.1464050350701402e-01   1.5090675506176736e+00   5.7137701330130668e+01
   2.3500000000000001e+00  -1.2660773803857714e+00   1.9294280874248498e-01   1.3956952963798863e+00   4.8466300057771349e+01
