ARMA_MAT_TXT_FN008
11 5
   2.2500000000000000e+00  -1.4684521518036073e+00   6.9794077029058121e-01   1.7789734099717973e+00   1.3022114510653514e+01
   2.2599999999999998e+00  -1.4495430360721442e+00   6.6969103331663327e-01   1.8813595046936604e+00   1.6626212137245702e+01
   2.2700000000000000e+00  -1.4278776052104210e+00   6.3192570015030058e-01   1.9823056268297814e+00   2.1324396025715441e+01
   2.2800000000000002e+00  -1.4104058466933866e+00   6.0811657189378754e-01   1.9786993594405784e+00   2.2460390333990158e+01
   2.2900000000000000e+00  -1.3893550826653307e+00   5.7029556112224444e-01   2.0094744420189121e+00   2.6024452282003882e+01
   2.2999999999999998e+00  -1.3673358341683368e+00   5.2722044088176356e-01   1.9615086610971457e+00   2.8163574980312625e+01
   2.3100000000000001e+00  -1.3501054559118237e+00   5.0112338051102201e-01   1.9230932512253898e+00   2.8722534201221471e+01
   2.3200000000000003e+00  -1.3295536372745491e+00   4.5746149924849699e-01   1.8816519025854177e+00   3.1048955231821779e+01
   2.3300000000000001e+00  -1.3107329258517033e+00   4.2197565380761526e-01   1.7975638378176979e+00   3.0746986998682942e+01
   2.3399999999999999e+00  -1.2918553331663327e+00   3.8453774298597193e-01   1.6815658066411177e+00   2.9570225373099071e+01
   2.3500000000000001e+00  -1.2771101753507015e+00   3.6230938502004006e-01   1.6037559056675230e+00   2.8112966072253485e+01
