ARMA_MAT_TXT_FN008
41 5
   2.2599999999999998e+00  -1.4461860270541083e+00   6.5992168962925846e-01   1.9076631658328804e+00   1.8201390803776391e+01
   2.2609999999999997e+00  -1.4456811147294588e+00   6.6213625626252504e-01   1.8792056840157263e+00   1.7290852760665047e+01
   2.2619999999999996e+00  -1.4418908116232465e+00   6.5308262399799599e-01   1.9265062772312687e+00   1.8946643653170764e+01
   2.2629999999999999e+00  -1.4406490180360720e+00   6.5360324774549095e-01   1.9020861678840066e+00   1.7739941039151720e+01
   2.2639999999999998e+00  -1.4387590080160320e+00   6.4972573396793587e-01   1.9135159620575530e+00   1.8694428683223258e+01
   2.2649999999999997e+00  -1.4361841783567135e+00   6.4228518537074142e-01   1.9745836876706340e+00   2.1419846492165394e+01
   2.2660000000000000e+00  -1.4366392710420841e+00   6.4717709168336679e-01   1.9316611599954840e+00   1.9636667930748505e+01
   2.2669999999999999e+00  -1.4342627805611221e+00   6.4371578031062127e-01   1.9612690331112672e+00   2.0144883175114074e+01
   2.2679999999999998e+00  -1.4333194238476954e+00   6.4310970190380767e-01   1.9455755048970453e+00   1.9826483242630847e+01
   2.2689999999999997e+00  -1.4318515906813627e+00   6.4134788827655309e-01   1.9411551861399468e+00   2.0038317953350216e+01
   2.2699999999999996e+00  -1.4285012875751502e+00   6.3200982965931873e-01   2.0041562263173667e+00   2.2513646381623889e+01
   2.2709999999999999e+00  -1.4243041482965932e+00   6.2549000125250498e-01   1.9931671458844400e+00   2.1730525541995508e+01
   2.2719999999999998e+00  -1.4231262825651303e+00   6.2603712800601197e-01   1.9692680891899863e+00   2.1003948069699742e+01
   2.2729999999999997e+00  -1.4221516883767535e+00   6.2382893286573149e-01   1.9774219151751813e+00   2.2009570426070617e+01
   2.2740000000000000e+00  -1.4196796442885771e+00   6.1863696643286570e-01   1.9739904796496492e+00   2.2705405852754517e+01
   2.2749999999999999e+00  -1.4171974248496995e+00   6.1389327404809624e-01   2.0112155856620428e+00   2.3368410208004217e+01
   2.2759999999999998e+00  -1.4152670390781561e+00   6.1013611097194387e-01   2.0083617365384199e+00   2.4073935987030776e+01
   2.2769999999999997e+00  -1.4152228857715430e+00   6.1543330911823646e-01   1.9511984917382554e+00   2.1751754263887747e+01
   2.2779999999999996e+00  -1.4114716457915830e+00   6.0499149423847698e-01   1.9979992432953697e+00   2.3589150655118260e+01
   2.2789999999999999e+00  -1.4104367334669339e+00   6.0466251878757515e-01   1.9843313832581719e+00   2.3569630549932427e+01
   2.2799999999999998e+00  -1.4060447144288577e+00   5.9442330911823649e-01   2.0384600123973722e+00   2.4868303360420231e+01
   2.2809999999999997e+00  -1.4057915280561122e+00   5.9551051728456905e-01   2.0023620668452144e+00   2.4292300366569506e+01
   2.2820000000000000e+00  -1.4047214478957915e+00   5.9377958041082168e-01   2.0268999244665311e+00   2.5317624545892333e+01
   2.2829999999999999e+00  -1.4030387625250502e+00   5.9327173972945890e-01   1.9979870753685156e+00   2.4439639955261825e+01
   2.2839999999999998e+00  -1.3999329909819640e+00   5.8645809869739474e-01   2.0217354156394500e+00   2.5090704079116058e+01
   2.2849999999999997e+00  -1.3997720516032064e+00   5.8909933617234467e-01   1.9860289697790348e+00   2.4090305224583197e+01
   2.2859999999999996e+00  -1.3974159519038076e+00   5.8451172595190382e-01   1.9912871457046364e+00   2.4651136066728085e+01
   2.2869999999999999e+00  -1.3949850350701403e+00   5.7695960045090178e-01   2.0005886345591017e+00   2.6403913301603243e+01
   2.2879999999999998e+00  -1.3921987575150301e+00   5.7098944013026054e-01   2.0145387898392624e+00   2.6886820970805047e+01
   2.2889999999999997e+00  -1.3878522970941884e+00   5.6146183491983970e-01   2.0225493945011808e+00   2.7204114317601434e+01
   2.2900000000000000e+00  -1.3869007815631262e+00   5.6067870490981964e-01   2.0277019722066467e+00   2.7504542652764780e+01
   2.2909999999999999e+00  -1.3849751778557116e+00   5.5960611472945887e-01   1.9926438833546283e+00   2.6669319692853968e+01
   2.2919999999999998e+00  -1.3808777655310622e+00   5.4666399924849696e-01   2.0281586334245496e+00   2.8795516400759993e+01
   2.2929999999999997e+00  -1.3805222645290580e+00   5.5077942259519042e-01   2.0149803886903435e+00   2.7744686257454987e+01
   2.2939999999999996e+00  -1.3786303557114228e+00   5.4835185245490992e-01   1.9982256718411413e+00   2.7282239815472476e+01
   2.2949999999999999e+00  -1.3779367535070139e+00   5.4916544213426854e-01   1.9980673161076490e+00   2.7054770736386885e+01
   2.2959999999999998e+00  -1.3761031813627256e+00   5.4560176477955913e-01   1.9939083115602929e+00   2.7263289799514904e+01
   2.2969999999999997e+00  -1.3722705636272545e+00   5.3481079909819640e-01   2.0024343305670489e+00   2.8499788575575334e+01
   2.2980000000000000e+00  -1.3725734769539080e+00   5.3901635020040084e-01   2.0101649205313494e+00   2.8451548760763000e+01
   2.2989999999999999e+00  -1.3691735546092185e+00   5.3043695516032063e-01   1.9929426771785053e+00   2.8726864133127449e+01
   2.2999999999999998e+00  -1.3672726402805611e+00   5.2731968937875762e-01   1.9927514154033341e+00   2.8966947804289429e+01
