ARMA_MAT_TXT_FN008
41 5
   2.2599999999999998e+00  -1.4444191271431752e+00   6.4466791750166996e-01   2.0776739771484052e+00   3.3232427596757439e+01
   2.2609999999999997e+00  -1.4414313872188822e+00   6.3828358550434194e-01   2.0747781531721636e+00   3.3888493036263682e+01
   2.2619999999999996e+00  -1.4391050155867289e+00   6.3248688209752835e-01   2.0956305290750108e+00   3.5298163962062070e+01
   2.2629999999999999e+00  -1.4383720964150521e+00   6.3298864061456250e-01   2.0861971397558943e+00   3.5721351608584087e+01
   2.2639999999999998e+00  -1.4350203952349143e+00   6.2492476619906479e-01   2.1192011657552854e+00   3.7601007648332128e+01
   2.2649999999999997e+00  -1.4327059641505233e+00   6.1949729514584717e-01   2.1676449919301026e+00   3.8858306833506454e+01
   2.2660000000000000e+00  -1.4298235771543086e+00   6.0922332108661770e-01   2.2098621190827572e+00   4.4035078899239750e+01
   2.2669999999999999e+00  -1.4308602705410822e+00   6.2028488977955909e-01   2.1302457707667255e+00   3.8578546738355612e+01
   2.2679999999999998e+00  -1.4268741471832556e+00   6.0808903250946333e-01   2.1770586055660277e+00   4.1799364807497355e+01
   2.2689999999999997e+00  -1.4256524181696726e+00   6.0901522433756405e-01   2.1777439641468823e+00   4.0789428652090493e+01
   2.2699999999999996e+00  -1.4239571810287242e+00   6.0522550823869958e-01   2.1666457220835165e+00   4.1196445005372745e+01
   2.2709999999999999e+00  -1.4219333066132265e+00   6.0330010910710308e-01   2.1520023645420188e+00   4.1598699519829161e+01
   2.2719999999999998e+00  -1.4173793464707192e+00   5.8659891505232686e-01   2.2199631986642934e+00   4.8072893697329071e+01
   2.2729999999999997e+00  -1.4174417902471610e+00   5.9307196337118684e-01   2.1671194605791331e+00   4.3893369098995478e+01
   2.2740000000000000e+00  -1.4138142073034958e+00   5.7961065631262532e-01   2.2292710004528313e+00   4.8629900548938807e+01
   2.2749999999999999e+00  -1.4119671164551324e+00   5.7909869238476952e-01   2.1865910148528318e+00   4.5934467022206015e+01
   2.2759999999999998e+00  -1.4106143152972612e+00   5.7806592574036963e-01   2.1777162732251480e+00   4.6153049849095169e+01
   2.2769999999999997e+00  -1.4053884814072590e+00   5.5942075484301934e-01   2.1951887342630130e+00   5.0692142025405161e+01
   2.2779999999999996e+00  -1.4037484057002894e+00   5.5414398853262081e-01   2.2426043722579889e+00   5.3730763601638976e+01
   2.2789999999999999e+00  -1.4025728835448674e+00   5.5361311010910708e-01   2.2186756186832639e+00   5.3828110012174349e+01
   2.2799999999999998e+00  -1.3988118704074815e+00   5.4259222277889108e-01   2.2275670872659346e+00   5.5485638769146526e+01
   2.2809999999999997e+00  -1.3975617245602314e+00   5.4407952182142072e-01   2.2489973511572279e+00   5.3685954088470432e+01
   2.2820000000000000e+00  -1.3941730427521710e+00   5.3047500668002667e-01   2.2784110227801571e+00   5.9170269537287624e+01
   2.2829999999999999e+00  -1.3922972578490314e+00   5.2562446726786916e-01   2.2911559119817357e+00   6.0594577011901983e+01
   2.2839999999999998e+00  -1.3902371632153194e+00   5.2320941772433749e-01   2.2482402082359281e+00   5.8802152903319666e+01
   2.2849999999999997e+00  -1.3893679692718772e+00   5.2558411545312844e-01   2.2722403074056681e+00   5.7197844055493483e+01
   2.2859999999999996e+00  -1.3879919572478290e+00   5.2459165497661997e-01   2.1901242199987885e+00   5.4371263216420040e+01
   2.2869999999999999e+00  -1.3855402282342464e+00   5.1721422177688714e-01   2.2154170316080104e+00   5.7358392948278954e+01
   2.2879999999999998e+00  -1.3843878690714762e+00   5.1694872077488307e-01   2.2114193304063123e+00   5.7760702843560395e+01
   2.2889999999999997e+00  -1.3814701135604543e+00   5.0687457247828993e-01   2.2194536120294974e+00   5.9049921697508466e+01
   2.2900000000000000e+00  -1.3793504464484523e+00   5.0297501113337784e-01   2.1953085999138118e+00   5.9248214249386507e+01
   2.2909999999999999e+00  -1.3804079904252951e+00   5.1671624972166552e-01   2.1815520211966799e+00   5.3777092840056099e+01
   2.2919999999999998e+00  -1.3756832509463370e+00   5.0035744934313064e-01   2.1982719762036531e+00   5.6800871189267838e+01
   2.2929999999999997e+00  -1.3715742284569139e+00   4.8447473001558672e-01   2.1774023477636426e+00   5.9421045340749004e+01
   2.2939999999999996e+00  -1.3710260598975730e+00   4.8388267646403921e-01   2.1836788293924716e+00   6.1426024325704986e+01
   2.2949999999999999e+00  -1.3672226285905145e+00   4.7319591071030948e-01   2.1299727321926389e+00   5.9306897644743927e+01
   2.2959999999999998e+00  -1.3669695914050322e+00   4.7620447561790247e-01   2.1529396081485146e+00   6.0964764384376956e+01
   2.2969999999999997e+00  -1.3633648296593188e+00   4.6173377699844131e-01   2.1744639632332254e+00   6.3984245261132962e+01
   2.2980000000000000e+00  -1.3638968537074150e+00   4.7314398519260742e-01   2.1378562006227724e+00   5.9205998552814940e+01
   2.2989999999999999e+00  -1.3588601514139389e+00   4.4908606156757963e-01   2.1384658615742618e+00   6.4395709183207131e+01
   2.2999999999999998e+00  -1.3554345290581162e+00   4.3934652415942993e-01   2.1278494610092213e+00   6.4268993124303833e+01
