ARMA_MAT_TXT_FN008
11 5
   2.2500000000000000e+00  -1.4627358305499889e+00   6.7519370240480958e-01   1.9785424404686369e+00   2.6207233673925337e+01
   2.2599999999999998e+00  -1.4433499621465153e+00   6.3959500890670229e-01   2.0990707936428330e+00   3.5773327995819471e+01
   2.2700000000000000e+00  -1.4227261289245159e+00   6.0080600200400802e-01   2.2098951464027912e+00   4.3952731524995855e+01
   2.2800000000000002e+00  -1.4014328312179916e+00   5.5540177577376981e-01   2.2045182226701598e+00   5.2173318962976388e+01
   2.2900000000000000e+00  -1.3778669784012469e+00   4.9898068191939432e-01   2.1694295034531819e+00   5.7595238049844689e+01
   2.2999999999999998e+00  -1.3562577555110220e+00   4.4284782342462703e-01   2.1077485852846456e+00   6.3431911186179754e+01
   2.3100000000000001e+00  -1.3350853139612557e+00   3.9319205355154757e-01   1.9708550907226201e+00   6.1401950234290624e+01
   2.3200000000000003e+00  -1.3166278924515697e+00   3.4813728345580047e-01   1.8333014702028860e+00   5.9125355787180581e+01
   2.3300000000000001e+00  -1.3004820440881764e+00   3.2069190993097307e-01   1.6899837095862809e+00   5.1901833641402327e+01
   2.3399999999999999e+00  -1.2835345134713874e+00   2.8324298263193048e-01   1.5597050531401535e+00   4.6951956310517673e+01
   2.3500000000000001e+00  -1.2685500812736585e+00   2.5611689323090625e-01   1.4603977292745376e+00   4.1577150066039408e+01
