ARMA_MAT_TXT_FN008
41 5
   2.2599999999999998e+00  -1.4417711541833667e+00   6.2752542898296593e-01   2.1847771946172134e+00   5.3024951432100778e+01
   2.2609999999999997e+00  -1.4394636454158316e+00   6.2010560527304603e-01   2.2216218427090988e+00   5.8521159348238697e+01
   2.2619999999999996e+00  -1.4381161266282565e+00   6.2202787888276556e-01   2.1824291108046081e+00   5.4001968770061396e+01
   2.2629999999999999e+00  -1.4341330974448898e+00   6.0851802887024042e-01   2.2054135035836491e+00   5.8940857760717392e+01
   2.2639999999999998e+00  -1.4322350363226453e+00   6.0436056926352710e-01   2.2821287886832549e+00   6.3418030278706858e+01
   2.2649999999999997e+00  -1.4290779014278556e+00   5.9061290080160322e-01   2.3719435020175621e+00   7.4999932467019775e+01
   2.2660000000000000e+00  -1.4301436560621241e+00   6.1272325118987980e-01   2.1675752132340809e+00   4.6434305376790881e+01
   2.2669999999999999e+00  -1.4269035333166333e+00   5.9531513620991983e-01   2.2644347562726845e+00   6.6327290495740613e+01
   2.2679999999999998e+00  -1.4242631513026052e+00   5.8862073271543081e-01   2.2294680986978794e+00   6.5244468889693294e+01
   2.2689999999999997e+00  -1.4200700250501002e+00   5.6894844157064128e-01   2.3449350822460744e+00   8.2004155878951494e+01
   2.2699999999999996e+00  -1.4193287318386774e+00   5.7350222131763529e-01   2.3562720103690036e+00   7.6699031456076838e+01
   2.2709999999999999e+00  -1.4173358686122244e+00   5.7123113727454911e-01   2.3018641908863797e+00   7.1854973787257109e+01
   2.2719999999999998e+00  -1.4148320653807616e+00   5.6134776740981962e-01   2.3430977535342943e+00   8.0913176157293989e+01
   2.2729999999999997e+00  -1.4101963927855712e+00   5.3892316382765526e-01   2.4658408772488314e+00   9.5684448741969504e+01
   2.2740000000000000e+00  -1.4078603588426855e+00   5.3503893756262533e-01   2.4015925303186827e+00   9.2483863015950575e+01
   2.2749999999999999e+00  -1.4060555742735470e+00   5.3144794777054105e-01   2.3560346540456347e+00   9.0921837605232156e+01
   2.2759999999999998e+00  -1.4065429402555112e+00   5.4388469971192388e-01   2.3725544383979109e+00   8.3850945641806049e+01
   2.2769999999999997e+00  -1.4040581049599199e+00   5.3721995647545095e-01   2.3492516345173327e+00   8.3540643804496540e+01
   2.2779999999999996e+00  -1.4016268399298597e+00   5.2706826621993985e-01   2.3871994192028829e+00   9.2405572859175379e+01
   2.2789999999999999e+00  -1.3988546348947895e+00   5.1860968217685377e-01   2.4172028807478863e+00   9.3822442520499450e+01
   2.2799999999999998e+00  -1.3976061604458918e+00   5.2471253882765534e-01   2.3593950661981169e+00   8.3368131775872101e+01
   2.2809999999999997e+00  -1.3938402047845693e+00   4.9996498058617234e-01   2.4126954817585342e+00   1.0404035290034147e+02
   2.2820000000000000e+00  -1.3919833391783567e+00   5.0387855961923844e-01   2.3066757752708780e+00   8.9953477733871992e+01
   2.2829999999999999e+00  -1.3897502655310621e+00   4.9550901803607217e-01   2.3507840702912532e+00   9.4902005219071938e+01
   2.2839999999999998e+00  -1.3892744670591184e+00   5.0176702811873752e-01   2.3591403785311154e+00   9.3006375649882372e+01
   2.2849999999999997e+00  -1.3845124298597196e+00   4.8197208636022049e-01   2.3270941866822499e+00   9.4062108435208387e+01
   2.2859999999999996e+00  -1.3843656444138277e+00   4.8802367297094185e-01   2.3032288941497092e+00   9.1787633910779618e+01
   2.2869999999999999e+00  -1.3802690743987975e+00   4.6983461735971943e-01   2.2919889133348761e+00   9.4381619904555507e+01
   2.2879999999999998e+00  -1.3786456700901804e+00   4.6717136022044092e-01   2.3191967856095115e+00   9.7353523523744357e+01
   2.2889999999999997e+00  -1.3747510358216433e+00   4.4629049473947896e-01   2.3135096463775326e+00   1.0400893988550129e+02
   2.2900000000000000e+00  -1.3739166407815633e+00   4.5015707508767533e-01   2.3009000997902458e+00   1.0289546488365464e+02
   2.2909999999999999e+00  -1.3710160345691382e+00   4.4272309994989978e-01   2.2604197034841822e+00   1.0080970223123721e+02
   2.2919999999999998e+00  -1.3729648816382767e+00   4.6569099041833667e-01   2.2759864683604740e+00   9.1262173380272500e+01
   2.2929999999999997e+00  -1.3667825857965932e+00   4.2659540675100199e-01   2.2582069322405021e+00   1.0633947148241887e+02
   2.2939999999999996e+00  -1.3649167854458919e+00   4.2538036980210420e-01   2.2553805642577189e+00   1.0328170513889658e+02
   2.2949999999999999e+00  -1.3614758542084169e+00   4.0904630855460922e-01   2.2137062022599197e+00   1.0556469797487705e+02
   2.2959999999999998e+00  -1.3583599467685370e+00   3.9662782878256514e-01   2.1418066430665541e+00   1.0338801223380534e+02
   2.2969999999999997e+00  -1.3570497156813628e+00   3.9746757045340680e-01   2.1799709415771482e+00   1.0513554255370272e+02
   2.2980000000000000e+00  -1.3555129189629258e+00   3.9807258517034066e-01   2.1619199740746056e+00   1.0309545317292707e+02
   2.2989999999999999e+00  -1.3530123346693388e+00   3.8512552010270540e-01   2.1674650017283841e+00   1.0456628391881512e+02
   2.2999999999999998e+00  -1.3497259932364729e+00   3.7296677793086169e-01   2.0726747949390245e+00   9.9628911426727242e+01
