           x        y(x)
  1.0010e-03  7.4809e-08
  2.0020e-03  1.4879e-07
  3.0030e-03  2.2195e-07
  4.0040e-03  2.9430e-07
  5.0050e-03  3.6584e-07
  6.0060e-03  4.3659e-07
  7.0070e-03  5.0655e-07
  8.0080e-03  5.7573e-07
  9.0090e-03  6.4414e-07
  1.0010e-02  7.1178e-07
  1.1011e-02  7.7867e-07
  1.2012e-02  8.4481e-07
  1.3013e-02  9.1020e-07
  1.4014e-02  9.7486e-07
  1.5015e-02  1.0388e-06
  1.6016e-02  1.1020e-06
  1.7017e-02  1.1645e-06
  1.8018e-02  1.2263e-06
  1.9019e-02  1.2874e-06
  2.0020e-02  1.3478e-06
  2.1021e-02  1.4075e-06
  2.2022e-02  1.4666e-06
  2.3023e-02  1.5249e-06
  2.4024e-02  1.5826e-06
  2.5025e-02  1.6397e-06
  2.6026e-02  1.6961e-06
  2.7027e-02  1.7518e-06
  2.8028e-02  1.8069e-06
  2.9029e-02  1.8614e-06
  3.0030e-02  1.9153e-06
  3.1031e-02  1.9685e-06
  3.2032e-02  2.0211e-06
  3.3033e-02  2.0732e-06
  3.4034e-02  2.1246e-06
  3.5035e-02  2.1754e-06
  3.6036e-02  2.2256e-06
  3.7037e-02  2.2753e-06
  3.8038e-02  2.3243e-06
  3.9039e-02  2.3728e-06
  4.0040e-02  2.4207e-06
  4.1041e-02  2.4681e-06
  4.2042e-02  2.5149e-06
  4.3043e-02  2.5612e-06
  4.4044e-02  2.6069e-06
  4.5045e-02  2.6521e-06
  4.6046e-02  2.6967e-06
  4.7047e-02  2.7409e-06
  4.8048e-02  2.7845e-06
  4.9049e-02  2.8275e-06
  5.0050e-02  2.8701e-06
  5.1051e-02  2.9122e-06
  5.2052e-02  2.9537e-06
  5.3053e-02  2.9948e-06
  5.4054e-02  3.0353e-06
  5.5055e-02  3.0754e-06
  5.6056e-02  3.1150e-06
  5.7057e-02  3.1541e-06
  5.8058e-02  3.1928e-06
  5.9059e-02  3.2310e-06
  6.0060e-02  3.2687e-06
  6.1061e-02  3.3059e-06
  6.2062e-02  3.3427e-06
  6.3063e-02  3.3791e-06
  6.4064e-02  3.4150e-06
  6.5065e-02  3.4505e-06
  6.6066e-02  3.4855e-06
  6.7067e-02  3.5201e-06
  6.8068e-02  3.5543e-06
  6.9069e-02  3.5880e-06
  7.0070e-02  3.6214e-06
  7.1071e-02  3.6543e-06
  7.2072e-02  3.6868e-06
  7.3073e-02  3.7189e-06
  7.4074e-02  3.7506e-06
  7.5075e-02  3.7818e-06
  7.6076e-02  3.8127e-06
  7.7077e-02  3.8432e-06
  7.8078e-02  3.8734e-06
  7.9079e-02  3.9031e-06
  8.0080e-02  3.9325e-06
  8.1081e-02  3.9614e-06
  8.2082e-02  3.9901e-06
  8.3083e-02  4.0183e-06
  8.4084e-02  4.0462e-06
  8.5085e-02  4.0737e-06
  8.6086e-02  4.1008e-06
  8.7087e-02  4.1276e-06
  8.8088e-02  4.1541e-06
  8.9089e-02  4.1802e-06
  9.0090e-02  4.2060e-06
  9.1091e-02  4.2314e-06
  9.2092e-02  4.2565e-06
  9.3093e-02  4.2812e-06
  9.4094e-02  4.3057e-06
  9.5095e-02  4.3298e-06
  9.6096e-02  4.3535e-06
  9.7097e-02  4.3770e-06
  9.8098e-02  4.4001e-06
  9.9099e-02  4.4230e-06
  1.0010e-01  4.4455e-06
  1.0110e-01  4.4677e-06
  1.0210e-01  4.4896e-06
  1.0310e-01  4.5112e-06
  1.0410e-01  4.5325e-06
  1.0511e-01  4.5535e-06
  1.0611e-01  4.5742e-06
  1.0711e-01  4.5946e-06
  1.0811e-01  4.6148e-06
  1.0911e-01  4.6346e-06
  1.1011e-01  4.6542e-06
  1.1111e-01  4.6735e-06
  1.1211e-01  4.6925e-06
  1.1311e-01  4.7113e-06
  1.1411e-01  4.7297e-06
  1.1512e-01  4.7479e-06
  1.1612e-01  4.7659e-06
  1.1712e-01  4.7836e-06
  1.1812e-01  4.8010e-06
  1.1912e-01  4.8182e-06
  1.2012e-01  4.8351e-06
  1.2112e-01  4.8517e-06
  1.2212e-01  4.8682e-06
  1.2312e-01  4.8843e-06
  1.2412e-01  4.9002e-06
  1.2513e-01  4.9159e-06
  1.2613e-01  4.9314e-06
  1.2713e-01  4.9466e-06
  1.2813e-01  4.9615e-06
  1.2913e-01  4.9763e-06
  1.3013e-01  4.9908e-06
  1.3113e-01  5.0050e-06
  1.3213e-01  5.0191e-06
  1.3313e-01  5.0329e-06
  1.3413e-01  5.0465e-06
  1.3514e-01  5.0599e-06
  1.3614e-01  5.0731e-06
  1.3714e-01  5.0861e-06
  1.3814e-01  5.0988e-06
  1.3914e-01  5.1113e-06
  1.4014e-01  5.1237e-06
  1.4114e-01  5.1358e-06
  1.4214e-01  5.1477e-06
  1.4314e-01  5.1594e-06
  1.4414e-01  5.1709e-06
  1.4515e-01  5.1823e-06
  1.4615e-01  5.1934e-06
  1.4715e-01  5.2043e-06
  1.4815e-01  5.2150e-06
  1.4915e-01  5.2256e-06
  1.5015e-01  5.2360e-06
  1.5115e-01  5.2461e-06
  1.5215e-01  5.2561e-06
  1.5315e-01  5.2659e-06
  1.5415e-01  5.2755e-06
  1.5516e-01  5.2850e-06
  1.5616e-01  5.2942e-06
  1.5716e-01  5.3033e-06
  1.5816e-01  5.3123e-06
  1.5916e-01  5.3210e-06
  1.6016e-01  5.3296e-06
  1.6116e-01  5.3380e-06
  1.6216e-01  5.3462e-06
  1.6316e-01  5.3543e-06
  1.6416e-01  5.3622e-06
  1.6517e-01  5.3700e-06
  1.6617e-01  5.3775e-06
  1.6717e-01  5.3850e-06
  1.6817e-01  5.3922e-06
  1.6917e-01  5.3994e-06
  1.7017e-01  5.4063e-06
  1.7117e-01  5.4131e-06
  1.7217e-01  5.4198e-06
  1.7317e-01  5.4263e-06
  1.7417e-01  5.4327e-06
  1.7518e-01  5.4389e-06
  1.7618e-01  5.4449e-06
  1.7718e-01  5.4509e-06
  1.7818e-01  5.4566e-06
  1.7918e-01  5.4623e-06
  1.8018e-01  5.4678e-06
  1.8118e-01  5.4732e-06
  1.8218e-01  5.4784e-06
  1.8318e-01  5.4835e-06
  1.8418e-01  5.4884e-06
  1.8519e-01  5.4933e-06
  1.8619e-01  5.4980e-06
  1.8719e-01  5.5025e-06
  1.8819e-01  5.5070e-06
  1.8919e-01  5.5113e-06
  1.9019e-01  5.5154e-06
  1.9119e-01  5.5195e-06
  1.9219e-01  5.5234e-06
  1.9319e-01  5.5273e-06
  1.9419e-01  5.5309e-06
  1.9520e-01  5.5345e-06
  1.9620e-01  5.5380e-06
  1.9720e-01  5.5413e-06
  1.9820e-01  5.5445e-06
  1.9920e-01  5.5476e-06
  2.0020e-01  5.5506e-06
  2.0120e-01  5.5535e-06
  2.0220e-01  5.5562e-06
  2.0320e-01  5.5589e-06
  2.0420e-01  5.5614e-06
  2.0521e-01  5.5639e-06
  2.0621e-01  5.5662e-06
  2.0721e-01  5.5684e-06
  2.0821e-01  5.5705e-06
  2.0921e-01  5.5725e-06
  2.1021e-01  5.5744e-06
  2.1121e-01  5.5763e-06
  2.1221e-01  5.5780e-06
  2.1321e-01  5.5796e-06
  2.1421e-01  5.5811e-06
  2.1522e-01  5.5825e-06
  2.1622e-01  5.5838e-06
  2.1722e-01  5.5850e-06
  2.1822e-01  5.5861e-06
  2.1922e-01  5.5871e-06
  2.2022e-01  5.5881e-06
  2.2122e-01  5.5889e-06
  2.2222e-01  5.5896e-06
  2.2322e-01  5.5903e-06
  2.2422e-01  5.5909e-06
  2.2523e-01  5.5913e-06
  2.2623e-01  5.5917e-06
  2.2723e-01  5.5920e-06
  2.2823e-01  5.5922e-06
  2.2923e-01  5.5924e-06
  2.3023e-01  5.5924e-06
  2.3123e-01  5.5924e-06
  2.3223e-01  5.5923e-06
  2.3323e-01  5.5921e-06
  2.3423e-01  5.5918e-06
  2.3524e-01  5.5914e-06
  2.3624e-01  5.5910e-06
  2.3724e-01  5.5904e-06
  2.3824e-01  5.5898e-06
  2.3924e-01  5.5892e-06
  2.4024e-01  5.5884e-06
  2.4124e-01  5.5876e-06
  2.4224e-01  5.5867e-06
  2.4324e-01  5.5857e-06
  2.4424e-01  5.5846e-06
  2.4525e-01  5.5835e-06
  2.4625e-01  5.5823e-06
  2.4725e-01  5.5810e-06
  2.4825e-01  5.5797e-06
  2.4925e-01  5.5783e-06
  2.5025e-01  5.5768e-06
  2.5125e-01  5.5752e-06
  2.5225e-01  5.5736e-06
  2.5325e-01  5.5719e-06
  2.5425e-01  5.5702e-06
  2.5526e-01  5.5684e-06
  2.5626e-01  5.5665e-06
  2.5726e-01  5.5646e-06
  2.5826e-01  5.5625e-06
  2.5926e-01  5.5605e-06
  2.6026e-01  5.5583e-06
  2.6126e-01  5.5561e-06
  2.6226e-01  5.5539e-06
  2.6326e-01  5.5516e-06
  2.6426e-01  5.5492e-06
  2.6527e-01  5.5467e-06
  2.6627e-01  5.5443e-06
  2.6727e-01  5.5417e-06
  2.6827e-01  5.5391e-06
  2.6927e-01  5.5364e-06
  2.7027e-01  5.5337e-06
  2.7127e-01  5.5309e-06
  2.7227e-01  5.5281e-06
  2.7327e-01  5.5252e-06
  2.7427e-01  5.5222e-06
  2.7528e-01  5.5192e-06
  2.7628e-01  5.5162e-06
  2.7728e-01  5.5130e-06
  2.7828e-01  5.5099e-06
  2.7928e-01  5.5067e-06
  2.8028e-01  5.5034e-06
  2.8128e-01  5.5001e-06
  2.8228e-01  5.4967e-06
  2.8328e-01  5.4933e-06
  2.8428e-01  5.4899e-06
  2.8529e-01  5.4863e-06
  2.8629e-01  5.4828e-06
  2.8729e-01  5.4792e-06
  2.8829e-01  5.4755e-06
  2.8929e-01  5.4718e-06
  2.9029e-01  5.4681e-06
  2.9129e-01  5.4643e-06
  2.9229e-01  5.4604e-06
  2.9329e-01  5.4565e-06
  2.9429e-01  5.4526e-06
  2.9530e-01  5.4486e-06
  2.9630e-01  5.4446e-06
  2.9730e-01  5.4406e-06
  2.9830e-01  5.4365e-06
  2.9930e-01  5.4323e-06
  3.0030e-01  5.4281e-06
  3.0130e-01  5.4239e-06
  3.0230e-01  5.4196e-06
  3.0330e-01  5.4153e-06
  3.0430e-01  5.4110e-06
  3.0531e-01  5.4066e-06
  3.0631e-01  5.4021e-06
  3.0731e-01  5.3977e-06
  3.0831e-01  5.3932e-06
  3.0931e-01  5.3886e-06
  3.1031e-01  5.3840e-06
  3.1131e-01  5.3794e-06
  3.1231e-01  5.3747e-06
  3.1331e-01  5.3700e-06
  3.1431e-01  5.3653e-06
  3.1532e-01  5.3605e-06
  3.1632e-01  5.3557e-06
  3.1732e-01  5.3509e-06
  3.1832e-01  5.3460e-06
  3.1932e-01  5.3411e-06
  3.2032e-01  5.3362e-06
  3.2132e-01  5.3312e-06
  3.2232e-01  5.3262e-06
  3.2332e-01  5.3211e-06
  3.2432e-01  5.3160e-06
  3.2533e-01  5.3109e-06
  3.2633e-01  5.3058e-06
  3.2733e-01  5.3006e-06
  3.2833e-01  5.2954e-06
  3.2933e-01  5.2902e-06
  3.3033e-01  5.2849e-06
  3.3133e-01  5.2796e-06
  3.3233e-01  5.2743e-06
  3.3333e-01  5.2689e-06
  3.3433e-01  5.2635e-06
  3.3534e-01  5.2581e-06
  3.3634e-01  5.2526e-06
  3.3734e-01  5.2472e-06
  3.3834e-01  5.2417e-06
  3.3934e-01  5.2361e-06
  3.4034e-01  5.2306e-06
  3.4134e-01  5.2250e-06
  3.4234e-01  5.2193e-06
  3.4334e-01  5.2137e-06
  3.4434e-01  5.2080e-06
  3.4535e-01  5.2023e-06
  3.4635e-01  5.1966e-06
  3.4735e-01  5.1908e-06
  3.4835e-01  5.1851e-06
  3.4935e-01  5.1793e-06
  3.5035e-01  5.1734e-06
  3.5135e-01  5.1676e-06
  3.5235e-01  5.1617e-06
  3.5335e-01  5.1558e-06
  3.5435e-01  5.1499e-06
  3.5536e-01  5.1439e-06
  3.5636e-01  5.1379e-06
  3.5736e-01  5.1319e-06
  3.5836e-01  5.1259e-06
  3.5936e-01  5.1199e-06
  3.6036e-01  5.1138e-06
  3.6136e-01  5.1077e-06
  3.6236e-01  5.1016e-06
  3.6336e-01  5.0954e-06
  3.6436e-01  5.0893e-06
  3.6537e-01  5.0831e-06
  3.6637e-01  5.0769e-06
  3.6737e-01  5.0707e-06
  3.6837e-01  5.0644e-06
  3.6937e-01  5.0581e-06
  3.7037e-01  5.0519e-06
  3.7137e-01  5.0456e-06
  3.7237e-01  5.0392e-06
  3.7337e-01  5.0329e-06
  3.7437e-01  5.0265e-06
  3.7538e-01  5.0201e-06
  3.7638e-01  5.0137e-06
  3.7738e-01  5.0073e-06
  3.7838e-01  5.0008e-06
  3.7938e-01  4.9944e-06
  3.8038e-01  4.9879e-06
  3.8138e-01  4.9814e-06
  3.8238e-01  4.9748e-06
  3.8338e-01  4.9683e-06
  3.8438e-01  4.9617e-06
  3.8539e-01  4.9552e-06
  3.8639e-01  4.9486e-06
  3.8739e-01  4.9420e-06
  3.8839e-01  4.9353e-06
  3.8939e-01  4.9287e-06
  3.9039e-01  4.9220e-06
  3.9139e-01  4.9153e-06
  3.9239e-01  4.9086e-06
  3.9339e-01  4.9019e-06
  3.9439e-01  4.8952e-06
  3.9540e-01  4.8884e-06
  3.9640e-01  4.8817e-06
  3.9740e-01  4.8749e-06
  3.9840e-01  4.8681e-06
  3.9940e-01  4.8613e-06
  4.0040e-01  4.8545e-06
  4.0140e-01  4.8476e-06
  4.0240e-01  4.8408e-06
  4.0340e-01  4.8339e-06
  4.0440e-01  4.8270e-06
  4.0541e-01  4.8201e-06
  4.0641e-01  4.8132e-06
  4.0741e-01  4.8063e-06
  4.0841e-01  4.7993e-06
  4.0941e-01  4.7924e-06
  4.1041e-01  4.7854e-06
  4.1141e-01  4.7784e-06
  4.1241e-01  4.7714e-06
  4.1341e-01  4.7644e-06
  4.1441e-01  4.7574e-06
  4.1542e-01  4.7503e-06
  4.1642e-01  4.7433e-06
  4.1742e-01  4.7362e-06
  4.1842e-01  4.7291e-06
  4.1942e-01  4.7221e-06
  4.2042e-01  4.7150e-06
  4.2142e-01  4.7078e-06
  4.2242e-01  4.7007e-06
  4.2342e-01  4.6936e-06
  4.2442e-01  4.6864e-06
  4.2543e-01  4.6792e-06
  4.2643e-01  4.6721e-06
  4.2743e-01  4.6649e-06
  4.2843e-01  4.6577e-06
  4.2943e-01  4.6505e-06
  4.3043e-01  4.6432e-06
  4.3143e-01  4.6360e-06
  4.3243e-01  4.6288e-06
  4.3343e-01  4.6215e-06
  4.3443e-01  4.6142e-06
  4.3544e-01  4.6070e-06
  4.3644e-01  4.5997e-06
  4.3744e-01  4.5924e-06
  4.3844e-01  4.5851e-06
  4.3944e-01  4.5777e-06
  4.4044e-01  4.5704e-06
  4.4144e-01  4.5631e-06
  4.4244e-01  4.5557e-06
  4.4344e-01  4.5484e-06
  4.4444e-01  4.5410e-06
  4.4545e-01  4.5336e-06
  4.4645e-01  4.5262e-06
  4.4745e-01  4.5188e-06
  4.4845e-01  4.5114e-06
  4.4945e-01  4.5040e-06
  4.5045e-01  4.4966e-06
  4.5145e-01  4.4891e-06
  4.5245e-01  4.4817e-06
  4.5345e-01  4.4742e-06
  4.5445e-01  4.4667e-06
  4.5546e-01  4.4593e-06
  4.5646e-01  4.4518e-06
  4.5746e-01  4.4443e-06
  4.5846e-01  4.4368e-06
  4.5946e-01  4.4293e-06
  4.6046e-01  4.4218e-06
  4.6146e-01  4.4142e-06
  4.6246e-01  4.4067e-06
  4.6346e-01  4.3992e-06
  4.6446e-01  4.3916e-06
  4.6547e-01  4.3841e-06
  4.6647e-01  4.3765e-06
  4.6747e-01  4.3689e-06
  4.6847e-01  4.3613e-06
  4.6947e-01  4.3537e-06
  4.7047e-01  4.3462e-06
  4.7147e-01  4.3385e-06
  4.7247e-01  4.3309e-06
  4.7347e-01  4.3233e-06
  4.7447e-01  4.3157e-06
  4.7548e-01  4.3081e-06
  4.7648e-01  4.3004e-06
  4.7748e-01  4.2928e-06
  4.7848e-01  4.2851e-06
  4.7948e-01  4.2774e-06
  4.8048e-01  4.2698e-06
  4.8148e-01  4.2621e-06
  4.8248e-01  4.2544e-06
  4.8348e-01  4.2467e-06
  4.8448e-01  4.2390e-06
  4.8549e-01  4.2313e-06
  4.8649e-01  4.2236e-06
  4.8749e-01  4.2159e-06
  4.8849e-01  4.2082e-06
  4.8949e-01  4.2004e-06
  4.9049e-01  4.1927e-06
  4.9149e-01  4.1850e-06
  4.9249e-01  4.1772e-06
  4.9349e-01  4.1695e-06
  4.9449e-01  4.1617e-06
  4.9550e-01  4.1539e-06
  4.9650e-01  4.1462e-06
  4.9750e-01  4.1384e-06
  4.9850e-01  4.1306e-06
  4.9950e-01  4.1228e-06
  5.0050e-01  4.1150e-06
  5.0150e-01  4.1072e-06
  5.0250e-01  4.0994e-06
  5.0350e-01  4.0916e-06
  5.0450e-01  4.0838e-06
  5.0551e-01  4.0760e-06
  5.0651e-01  4.0681e-06
  5.0751e-01  4.0603e-06
  5.0851e-01  4.0525e-06
  5.0951e-01  4.0446e-06
  5.1051e-01  4.0368e-06
  5.1151e-01  4.0289e-06
  5.1251e-01  4.0211e-06
  5.1351e-01  4.0132e-06
  5.1451e-01  4.0053e-06
  5.1552e-01  3.9975e-06
  5.1652e-01  3.9896e-06
  5.1752e-01  3.9817e-06
  5.1852e-01  3.9738e-06
  5.1952e-01  3.9659e-06
  5.2052e-01  3.9580e-06
  5.2152e-01  3.9501e-06
  5.2252e-01  3.9422e-06
  5.2352e-01  3.9343e-06
  5.2452e-01  3.9264e-06
  5.2553e-01  3.9185e-06
  5.2653e-01  3.9105e-06
  5.2753e-01  3.9026e-06
  5.2853e-01  3.8947e-06
  5.2953e-01  3.8867e-06
  5.3053e-01  3.8788e-06
  5.3153e-01  3.8709e-06
  5.3253e-01  3.8629e-06
  5.3353e-01  3.8550e-06
  5.3453e-01  3.8470e-06
  5.3554e-01  3.8390e-06
  5.3654e-01  3.8311e-06
  5.3754e-01  3.8231e-06
  5.3854e-01  3.8151e-06
  5.3954e-01  3.8072e-06
  5.4054e-01  3.7992e-06
  5.4154e-01  3.7912e-06
  5.4254e-01  3.7832e-06
  5.4354e-01  3.7752e-06
  5.4454e-01  3.7672e-06
  5.4555e-01  3.7592e-06
  5.4655e-01  3.7512e-06
  5.4755e-01  3.7432e-06
  5.4855e-01  3.7352e-06
  5.4955e-01  3.7272e-06
  5.5055e-01  3.7192e-06
  5.5155e-01  3.7111e-06
  5.5255e-01  3.7031e-06
  5.5355e-01  3.6951e-06
  5.5455e-01  3.6871e-06
  5.5556e-01  3.6790e-06
  5.5656e-01  3.6710e-06
  5.5756e-01  3.6630e-06
  5.5856e-01  3.6549e-06
  5.5956e-01  3.6469e-06
  5.6056e-01  3.6388e-06
  5.6156e-01  3.6308e-06
  5.6256e-01  3.6227e-06
  5.6356e-01  3.6147e-06
  5.6456e-01  3.6066e-06
  5.6557e-01  3.5985e-06
  5.6657e-01  3.5905e-06
  5.6757e-01  3.5824e-06
  5.6857e-01  3.5743e-06
  5.6957e-01  3.5662e-06
  5.7057e-01  3.5582e-06
  5.7157e-01  3.5501e-06
  5.7257e-01  3.5420e-06
  5.7357e-01  3.5339e-06
  5.7457e-01  3.5258e-06
  5.7558e-01  3.5177e-06
  5.7658e-01  3.5096e-06
  5.7758e-01  3.5015e-06
  5.7858e-01  3.4934e-06
  5.7958e-01  3.4853e-06
  5.8058e-01  3.4772e-06
  5.8158e-01  3.4691e-06
  5.8258e-01  3.4610e-06
  5.8358e-01  3.4529e-06
  5.8458e-01  3.4448e-06
  5.8559e-01  3.4367e-06
  5.8659e-01  3.4285e-06
  5.8759e-01  3.4204e-06
  5.8859e-01  3.4123e-06
  5.8959e-01  3.4042e-06
  5.9059e-01  3.3960e-06
  5.9159e-01  3.3879e-06
  5.9259e-01  3.3798e-06
  5.9359e-01  3.3716e-06
  5.9459e-01  3.3635e-06
  5.9560e-01  3.3554e-06
  5.9660e-01  3.3472e-06
  5.9760e-01  3.3391e-06
  5.9860e-01  3.3309e-06
  5.9960e-01  3.3228e-06
  6.0060e-01  3.3146e-06
  6.0160e-01  3.3065e-06
  6.0260e-01  3.2983e-06
  6.0360e-01  3.2902e-06
  6.0460e-01  3.2820e-06
  6.0561e-01  3.2738e-06
  6.0661e-01  3.2657e-06
  6.0761e-01  3.2575e-06
  6.0861e-01  3.2494e-06
  6.0961e-01  3.2412e-06
  6.1061e-01  3.2330e-06
  6.1161e-01  3.2248e-06
  6.1261e-01  3.2167e-06
  6.1361e-01  3.2085e-06
  6.1461e-01  3.2003e-06
  6.1562e-01  3.1921e-06
  6.1662e-01  3.1839e-06
  6.1762e-01  3.1758e-06
  6.1862e-01  3.1676e-06
  6.1962e-01  3.1594e-06
  6.2062e-01  3.1512e-06
  6.2162e-01  3.1430e-06
  6.2262e-01  3.1348e-06
  6.2362e-01  3.1266e-06
  6.2462e-01  3.1184e-06
  6.2563e-01  3.1102e-06
  6.2663e-01  3.1020e-06
  6.2763e-01  3.0938e-06
  6.2863e-01  3.0856e-06
  6.2963e-01  3.0774e-06
  6.3063e-01  3.0692e-06
  6.3163e-01  3.0610e-06
  6.3263e-01  3.0528e-06
  6.3363e-01  3.0446e-06
  6.3463e-01  3.0364e-06
  6.3564e-01  3.0282e-06
  6.3664e-01  3.0200e-06
  6.3764e-01  3.0118e-06
  6.3864e-01  3.0035e-06
  6.3964e-01  2.9953e-06
  6.4064e-01  2.9871e-06
  6.4164e-01  2.9789e-06
  6.4264e-01  2.9707e-06
  6.4364e-01  2.9624e-06
  6.4464e-01  2.9542e-06
  6.4565e-01  2.9460e-06
  6.4665e-01  2.9378e-06
  6.4765e-01  2.9295e-06
  6.4865e-01  2.9213e-06
  6.4965e-01  2.9131e-06
  6.5065e-01  2.9048e-06
  6.5165e-01  2.8966e-06
  6.5265e-01  2.8884e-06
  6.5365e-01  2.8801e-06
  6.5465e-01  2.8719e-06
  6.5566e-01  2.8637e-06
  6.5666e-01  2.8554e-06
  6.5766e-01  2.8472e-06
  6.5866e-01  2.8389e-06
  6.5966e-01  2.8307e-06
  6.6066e-01  2.8224e-06
  6.6166e-01  2.8142e-06
  6.6266e-01  2.8060e-06
  6.6366e-01  2.7977e-06
  6.6466e-01  2.7895e-06
  6.6567e-01  2.7812e-06
  6.6667e-01  2.7730e-06
  6.6767e-01  2.7647e-06
  6.6867e-01  2.7564e-06
  6.6967e-01  2.7482e-06
  6.7067e-01  2.7399e-06
  6.7167e-01  2.7317e-06
  6.7267e-01  2.7234e-06
  6.7367e-01  2.7152e-06
  6.7467e-01  2.7069e-06
  6.7568e-01  2.6986e-06
  6.7668e-01  2.6904e-06
  6.7768e-01  2.6821e-06
  6.7868e-01  2.6739e-06
  6.7968e-01  2.6656e-06
  6.8068e-01  2.6573e-06
  6.8168e-01  2.6491e-06
  6.8268e-01  2.6408e-06
  6.8368e-01  2.6325e-06
  6.8468e-01  2.6243e-06
  6.8569e-01  2.6160e-06
  6.8669e-01  2.6077e-06
  6.8769e-01  2.5995e-06
  6.8869e-01  2.5912e-06
  6.8969e-01  2.5829e-06
  6.9069e-01  2.5746e-06
  6.9169e-01  2.5664e-06
  6.9269e-01  2.5581e-06
  6.9369e-01  2.5498e-06
  6.9469e-01  2.5415e-06
  6.9570e-01  2.5333e-06
  6.9670e-01  2.5250e-06
  6.9770e-01  2.5167e-06
  6.9870e-01  2.5084e-06
  6.9970e-01  2.5001e-06
  7.0070e-01  2.4918e-06
  7.0170e-01  2.4836e-06
  7.0270e-01  2.4753e-06
  7.0370e-01  2.4670e-06
  7.0470e-01  2.4587e-06
  7.0571e-01  2.4504e-06
  7.0671e-01  2.4421e-06
  7.0771e-01  2.4339e-06
  7.0871e-01  2.4256e-06
  7.0971e-01  2.4173e-06
  7.1071e-01  2.4090e-06
  7.1171e-01  2.4007e-06
  7.1271e-01  2.3924e-06
  7.1371e-01  2.3841e-06
  7.1471e-01  2.3758e-06
  7.1572e-01  2.3675e-06
  7.1672e-01  2.3592e-06
  7.1772e-01  2.3509e-06
  7.1872e-01  2.3427e-06
  7.1972e-01  2.3344e-06
  7.2072e-01  2.3261e-06
  7.2172e-01  2.3178e-06
  7.2272e-01  2.3095e-06
  7.2372e-01  2.3012e-06
  7.2472e-01  2.2929e-06
  7.2573e-01  2.2846e-06
  7.2673e-01  2.2763e-06
  7.2773e-01  2.2680e-06
  7.2873e-01  2.2597e-06
  7.2973e-01  2.2514e-06
  7.3073e-01  2.2431e-06
  7.3173e-01  2.2348e-06
  7.3273e-01  2.2265e-06
  7.3373e-01  2.2182e-06
  7.3473e-01  2.2099e-06
  7.3574e-01  2.2016e-06
  7.3674e-01  2.1932e-06
  7.3774e-01  2.1849e-06
  7.3874e-01  2.1766e-06
  7.3974e-01  2.1683e-06
  7.4074e-01  2.1600e-06
  7.4174e-01  2.1517e-06
  7.4274e-01  2.1434e-06
  7.4374e-01  2.1351e-06
  7.4474e-01  2.1268e-06
  7.4575e-01  2.1185e-06
  7.4675e-01  2.1102e-06
  7.4775e-01  2.1019e-06
  7.4875e-01  2.0936e-06
  7.4975e-01  2.0852e-06
  7.5075e-01  2.0769e-06
  7.5175e-01  2.0686e-06
  7.5275e-01  2.0603e-06
  7.5375e-01  2.0520e-06
  7.5475e-01  2.0437e-06
  7.5576e-01  2.0354e-06
  7.5676e-01  2.0270e-06
  7.5776e-01  2.0187e-06
  7.5876e-01  2.0104e-06
  7.5976e-01  2.0021e-06
  7.6076e-01  1.9938e-06
  7.6176e-01  1.9855e-06
  7.6276e-01  1.9772e-06
  7.6376e-01  1.9688e-06
  7.6476e-01  1.9605e-06
  7.6577e-01  1.9522e-06
  7.6677e-01  1.9439e-06
  7.6777e-01  1.9356e-06
  7.6877e-01  1.9272e-06
  7.6977e-01  1.9189e-06
  7.7077e-01  1.9106e-06
  7.7177e-01  1.9023e-06
  7.7277e-01  1.8940e-06
  7.7377e-01  1.8856e-06
  7.7477e-01  1.8773e-06
  7.7578e-01  1.8690e-06
  7.7678e-01  1.8607e-06
  7.7778e-01  1.8523e-06
  7.7878e-01  1.8440e-06
  7.7978e-01  1.8357e-06
  7.8078e-01  1.8274e-06
  7.8178e-01  1.8191e-06
  7.8278e-01  1.8107e-06
  7.8378e-01  1.8024e-06
  7.8478e-01  1.7941e-06
  7.8579e-01  1.7858e-06
  7.8679e-01  1.7774e-06
  7.8779e-01  1.7691e-06
  7.8879e-01  1.7608e-06
  7.8979e-01  1.7524e-06
  7.9079e-01  1.7441e-06
  7.9179e-01  1.7358e-06
  7.9279e-01  1.7275e-06
  7.9379e-01  1.7191e-06
  7.9479e-01  1.7108e-06
  7.9580e-01  1.7025e-06
  7.9680e-01  1.6942e-06
  7.9780e-01  1.6858e-06
  7.9880e-01  1.6775e-06
  7.9980e-01  1.6692e-06
  8.0080e-01  1.6608e-06
  8.0180e-01  1.6525e-06
  8.0280e-01  1.6442e-06
  8.0380e-01  1.6358e-06
  8.0480e-01  1.6275e-06
  8.0581e-01  1.6192e-06
  8.0681e-01  1.6108e-06
  8.0781e-01  1.6025e-06
  8.0881e-01  1.5942e-06
  8.0981e-01  1.5859e-06
  8.1081e-01  1.5775e-06
  8.1181e-01  1.5692e-06
  8.1281e-01  1.5609e-06
  8.1381e-01  1.5525e-06
  8.1481e-01  1.5442e-06
  8.1582e-01  1.5359e-06
  8.1682e-01  1.5275e-06
  8.1782e-01  1.5192e-06
  8.1882e-01  1.5108e-06
  8.1982e-01  1.5025e-06
  8.2082e-01  1.4942e-06
  8.2182e-01  1.4858e-06
  8.2282e-01  1.4775e-06
  8.2382e-01  1.4692e-06
  8.2482e-01  1.4608e-06
  8.2583e-01  1.4525e-06
  8.2683e-01  1.4442e-06
  8.2783e-01  1.4358e-06
  8.2883e-01  1.4275e-06
  8.2983e-01  1.4192e-06
  8.3083e-01  1.4108e-06
  8.3183e-01  1.4025e-06
  8.3283e-01  1.3941e-06
  8.3383e-01  1.3858e-06
  8.3483e-01  1.3775e-06
  8.3584e-01  1.3691e-06
  8.3684e-01  1.3608e-06
  8.3784e-01  1.3525e-06
  8.3884e-01  1.3441e-06
  8.3984e-01  1.3358e-06
  8.4084e-01  1.3274e-06
  8.4184e-01  1.3191e-06
  8.4284e-01  1.3108e-06
  8.4384e-01  1.3024e-06
  8.4484e-01  1.2941e-06
  8.4585e-01  1.2857e-06
  8.4685e-01  1.2774e-06
  8.4785e-01  1.2691e-06
  8.4885e-01  1.2607e-06
  8.4985e-01  1.2524e-06
  8.5085e-01  1.2440e-06
  8.5185e-01  1.2357e-06
  8.5285e-01  1.2273e-06
  8.5385e-01  1.2190e-06
  8.5485e-01  1.2107e-06
  8.5586e-01  1.2023e-06
  8.5686e-01  1.1940e-06
  8.5786e-01  1.1856e-06
  8.5886e-01  1.1773e-06
  8.5986e-01  1.1690e-06
  8.6086e-01  1.1606e-06
  8.6186e-01  1.1523e-06
  8.6286e-01  1.1439e-06
  8.6386e-01  1.1356e-06
  8.6486e-01  1.1272e-06
  8.6587e-01  1.1189e-06
  8.6687e-01  1.1106e-06
  8.6787e-01  1.1022e-06
  8.6887e-01  1.0939e-06
  8.6987e-01  1.0855e-06
  8.7087e-01  1.0772e-06
  8.7187e-01  1.0688e-06
  8.7287e-01  1.0605e-06
  8.7387e-01  1.0521e-06
  8.7487e-01  1.0438e-06
  8.7588e-01  1.0355e-06
  8.7688e-01  1.0271e-06
  8.7788e-01  1.0188e-06
  8.7888e-01  1.0104e-06
  8.7988e-01  1.0021e-06
  8.8088e-01  9.9373e-07
  8.8188e-01  9.8538e-07
  8.8288e-01  9.7704e-07
  8.8388e-01  9.6869e-07
  8.8488e-01  9.6035e-07
  8.8589e-01  9.5200e-07
  8.8689e-01  9.4365e-07
  8.8789e-01  9.3531e-07
  8.8889e-01  9.2696e-07
  8.8989e-01  9.1861e-07
  8.9089e-01  9.1027e-07
  8.9189e-01  9.0192e-07
  8.9289e-01  8.9357e-07
  8.9389e-01  8.8523e-07
  8.9489e-01  8.7688e-07
  8.9590e-01  8.6853e-07
  8.9690e-01  8.6019e-07
  8.9790e-01  8.5184e-07
  8.9890e-01  8.4349e-07
  8.9990e-01  8.3514e-07
  9.0090e-01  8.2680e-07
  9.0190e-01  8.1845e-07
  9.0290e-01  8.1010e-07
  9.0390e-01  8.0175e-07
  9.0490e-01  7.9340e-07
  9.0591e-01  7.8506e-07
  9.0691e-01  7.7671e-07
  9.0791e-01  7.6836e-07
  9.0891e-01  7.6001e-07
  9.0991e-01  7.5166e-07
  9.1091e-01  7.4331e-07
  9.1191e-01  7.3497e-07
  9.1291e-01  7.2662e-07
  9.1391e-01  7.1827e-07
  9.1491e-01  7.0992e-07
  9.1592e-01  7.0157e-07
  9.1692e-01  6.9322e-07
  9.1792e-01  6.8487e-07
  9.1892e-01  6.7652e-07
  9.1992e-01  6.6817e-07
  9.2092e-01  6.5982e-07
  9.2192e-01  6.5147e-07
  9.2292e-01  6.4312e-07
  9.2392e-01  6.3477e-07
  9.2492e-01  6.2642e-07
  9.2593e-01  6.1807e-07
  9.2693e-01  6.0972e-07
  9.2793e-01  6.0137e-07
  9.2893e-01  5.9302e-07
  9.2993e-01  5.8467e-07
  9.3093e-01  5.7632e-07
  9.3193e-01  5.6797e-07
  9.3293e-01  5.5962e-07
  9.3393e-01  5.5127e-07
  9.3493e-01  5.4292e-07
  9.3594e-01  5.3457e-07
  9.3694e-01  5.2622e-07
  9.3794e-01  5.1787e-07
  9.3894e-01  5.0952e-07
  9.3994e-01  5.0117e-07
  9.4094e-01  4.9281e-07
  9.4194e-01  4.8446e-07
  9.4294e-01  4.7611e-07
  9.4394e-01  4.6776e-07
  9.4494e-01  4.5941e-07
  9.4595e-01  4.5106e-07
  9.4695e-01  4.4271e-07
  9.4795e-01  4.3436e-07
  9.4895e-01  4.2600e-07
  9.4995e-01  4.1765e-07
  9.5095e-01  4.0930e-07
  9.5195e-01  4.0095e-07
  9.5295e-01  3.9260e-07
  9.5395e-01  3.8424e-07
  9.5495e-01  3.7589e-07
  9.5596e-01  3.6754e-07
  9.5696e-01  3.5919e-07
  9.5796e-01  3.5084e-07
  9.5896e-01  3.4248e-07
  9.5996e-01  3.3413e-07
  9.6096e-01  3.2578e-07
  9.6196e-01  3.1743e-07
  9.6296e-01  3.0907e-07
  9.6396e-01  3.0072e-07
  9.6496e-01  2.9237e-07
  9.6597e-01  2.8402e-07
  9.6697e-01  2.7566e-07
  9.6797e-01  2.6731e-07
  9.6897e-01  2.5896e-07
  9.6997e-01  2.5061e-07
  9.7097e-01  2.4225e-07
  9.7197e-01  2.3390e-07
  9.7297e-01  2.2555e-07
  9.7397e-01  2.1719e-07
  9.7497e-01  2.0884e-07
  9.7598e-01  2.0049e-07
  9.7698e-01  1.9213e-07
  9.7798e-01  1.8378e-07
  9.7898e-01  1.7543e-07
  9.7998e-01  1.6708e-07
  9.8098e-01  1.5872e-07
  9.8198e-01  1.5037e-07
  9.8298e-01  1.4202e-07
  9.8398e-01  1.3366e-07
  9.8498e-01  1.2531e-07
  9.8599e-01  1.1695e-07
  9.8699e-01  1.0860e-07
  9.8799e-01  1.0025e-07
  9.8899e-01  9.1893e-08
  9.8999e-01  8.3540e-08
  9.9099e-01  7.5186e-08
  9.9199e-01  6.6832e-08
  9.9299e-01  5.8478e-08
  9.9399e-01  5.0124e-08
  9.9499e-01  4.1770e-08
  9.9600e-01  3.3416e-08
  9.9700e-01  2.5062e-08
  9.9800e-01  1.6708e-08
  9.9900e-01  8.3541e-09
