ARMA_MAT_TXT_FN008
101 2
   0.0000000000000000e+00   0.0000000000000000e+00
   1.0000000000000000e+00   5.8310696622806490e-01
   2.0000000000000000e+00   2.0399965950840109e+00
   3.0000000000000000e+00   7.3857637995987391e+00
   4.0000000000000000e+00   9.3561122869992630e+00
   5.0000000000000000e+00   2.6908732814103431e+01
   6.0000000000000000e+00   1.0049332298730056e+02
   7.0000000000000000e+00   1.5870369954884856e+02
   8.0000000000000000e+00   4.9173614090047641e+02
   9.0000000000000000e+00   1.2322622781906575e+03
   1.0000000000000000e+01   2.3190042862837340e+03
   1.1000000000000000e+01   9.6818938387448561e+03
   1.2000000000000000e+01   2.1067756404527965e+04
   1.3000000000000000e+01   2.7015497094300368e+04
   1.4000000000000000e+01   5.8858932066416142e+04
   1.5000000000000000e+01   6.9510990768322634e+04
   1.6000000000000000e+01   7.4885323971537277e+04
   1.7000000000000000e+01   1.3767920062924898e+05
   1.8000000000000000e+01   1.0199502822141287e+05
   1.9000000000000000e+01   1.1466446378451526e+05
   2.0000000000000000e+01   2.5227728906275003e+05
   2.1000000000000000e+01   1.5345753022086952e+05
   2.2000000000000000e+01   1.6287962954311329e+05
   2.3000000000000000e+01   2.4519250160724143e+05
   2.4000000000000000e+01   1.8665907492663161e+05
   2.5000000000000000e+01   2.5389511514016861e+05
   2.6000000000000000e+01   3.2807524739984982e+05
   2.7000000000000000e+01   2.0853017682047572e+05
   2.8000000000000000e+01   2.9514478741075838e+05
   2.9000000000000000e+01   4.0135037414607208e+05
   3.0000000000000000e+01   2.6908135620591533e+05
   3.1000000000000000e+01   3.7037470933995972e+05
   3.2000000000000000e+01   3.5268463919762598e+05
   3.3000000000000000e+01   3.0545609843089391e+05
   3.4000000000000000e+01   5.8042670737504051e+05
   3.5000000000000000e+01   4.0683256340384128e+05
   3.6000000000000000e+01   3.3226461912415706e+05
   3.7000000000000000e+01   5.5686186476006859e+05
   3.8000000000000000e+01   4.4744642116941832e+05
   3.9000000000000000e+01   4.2927216544863250e+05
   4.0000000000000000e+01   6.3285109988193482e+05
   4.1000000000000000e+01   4.1686269920055836e+05
   4.2000000000000000e+01   4.8330640398921771e+05
   4.3000000000000000e+01   8.9872270845404931e+05
   4.4000000000000000e+01   4.7100571028524014e+05
   4.5000000000000000e+01   5.2349517598187516e+05
   4.6000000000000000e+01   7.1089946005418594e+05
   4.7000000000000000e+01   5.1639992301213666e+05
   4.8000000000000000e+01   7.2199571024993295e+05
   4.9000000000000000e+01   7.2458690227296983e+05
   5.0000000000000000e+01   5.0420741749626049e+05
   5.1000000000000000e+01   7.9330634058104688e+05
   5.2000000000000000e+01   8.4035569144162338e+05
   5.3000000000000000e+01   5.8364031814796280e+05
   5.4000000000000000e+01   8.2428094625198143e+05
   5.5000000000000000e+01   7.0599625496458798e+05
   5.6000000000000000e+01   6.5635814706112002e+05
   5.7000000000000000e+01   1.2278954366991108e+06
   5.8000000000000000e+01   7.1619845076808811e+05
   5.9000000000000000e+01   6.5842874781961553e+05
   6.0000000000000000e+01   1.1588273969279288e+06
   6.1000000000000000e+01   7.9005561399649584e+05
   6.2000000000000000e+01   8.0294742548973707e+05
   6.3000000000000000e+01   1.0672813051169454e+06
   6.4000000000000000e+01   7.2100175426915416e+05
   6.5000000000000000e+01   9.3736053440646897e+05
   6.6000000000000000e+01   1.3923800964471078e+06
   6.7000000000000000e+01   7.5723444562686922e+05
   6.8000000000000000e+01   9.3372854229909007e+05
   6.9000000000000000e+01   1.1596141066138567e+06
   7.0000000000000000e+01   8.4934253271492035e+05
   7.1000000000000000e+01   1.2319833820364953e+06
   7.2000000000000000e+01   1.0398821796993620e+06
   7.3000000000000000e+01   8.1587066602624545e+05
   7.4000000000000000e+01   1.4581141446516397e+06
   7.5000000000000000e+01   1.1781566804448895e+06
   7.6000000000000000e+01   8.9643157513099560e+05
   7.7000000000000000e+01   1.3156126793383318e+06
   7.8000000000000000e+01   1.0413063317195448e+06
   7.9000000000000000e+01   1.0515871726515910e+06
   8.0000000000000000e+01   1.7758947972733045e+06
   8.1000000000000000e+01   9.8649677969007241e+05
   8.2000000000000000e+01   1.0331227241418611e+06
   8.3000000000000000e+01   1.8255420780283252e+06
   8.4000000000000000e+01   1.0970206547315563e+06
   8.5000000000000000e+01   1.1990666254788835e+06
   8.6000000000000000e+01   1.4508466130768184e+06
   8.7000000000000000e+01   1.0335747567386908e+06
   8.8000000000000000e+01   1.5079662254497700e+06
   8.9000000000000000e+01   1.6956509961311782e+06
   9.0000000000000000e+01   1.0340276416609014e+06
   9.1000000000000000e+01   1.4303172756061573e+06
   9.2000000000000000e+01   1.5677171231669656e+06
   9.3000000000000000e+01   1.1864318457116769e+06
   9.4000000000000000e+01   1.7441133834385851e+06
   9.5000000000000000e+01   1.3171637036077830e+06
   9.6000000000000000e+01   1.1666674076320627e+06
   9.7000000000000000e+01   2.3012981413647304e+06
   9.8000000000000000e+01   1.4368349293322866e+06
   9.9000000000000000e+01   1.2238622311110860e+06
   1.0000000000000000e+02   1.8513996710494314e+06
