ARMA_MAT_TXT_FN008
1001 2
   0.0000000000000000e+00   0.0000000000000000e+00
   1.0000000000000001e-01   9.4285904238167427e-03
   2.0000000000000001e-01   1.8677949251680998e-02
   3.0000000000000004e-01   2.7434894684725052e-02
   4.0000000000000002e-01   3.5548475688019693e-02
   5.0000000000000000e-01   4.3021566222251235e-02
   6.0000000000000009e-01   4.9962607008920780e-02
   7.0000000000000007e-01   5.6534435810559266e-02
   8.0000000000000004e-01   6.2918692582302677e-02
   9.0000000000000002e-01   6.9297717888608390e-02
   1.0000000000000000e+00   7.5849097958992917e-02
   1.1000000000000001e+00   8.2747644096730563e-02
   1.2000000000000002e+00   9.0171312191348829e-02
   1.3000000000000000e+00   9.8309264768870822e-02
   1.4000000000000001e+00   1.0737142068869376e-01
   1.5000000000000000e+00   1.1759948236261701e-01
   1.6000000000000001e+00   1.2927971719235107e-01
   1.7000000000000002e+00   1.4275773927278101e-01
   1.8000000000000000e+00   1.5845504008072955e-01
   1.9000000000000001e+00   1.7688557312606409e-01
   2.0000000000000000e+00   1.9866719656480172e-01
   2.1000000000000001e+00   2.2451492471687459e-01
   2.2000000000000002e+00   2.5518658734132993e-01
   2.3000000000000003e+00   2.9132131843800185e-01
   2.4000000000000004e+00   3.3306922569503972e-01
   2.5000000000000000e+00   3.7939997963697319e-01
   2.6000000000000001e+00   4.2715782393676405e-01
   2.7000000000000002e+00   4.7054903450148283e-01
   2.8000000000000003e+00   5.0247816789696409e-01
   2.9000000000000004e+00   5.1813744064080314e-01
   3.0000000000000000e+00   5.1795577360927192e-01
   3.1000000000000001e+00   5.0669086474457881e-01
   3.2000000000000002e+00   4.9009776007088846e-01
   3.3000000000000003e+00   4.7258933541295745e-01
   3.4000000000000004e+00   4.5677237230295070e-01
   3.5000000000000000e+00   4.4390926194784869e-01
   3.6000000000000001e+00   4.3448543062754641e-01
   3.7000000000000002e+00   4.2860962871246888e-01
   3.8000000000000003e+00   4.2624531190703269e-01
   3.9000000000000004e+00   4.2733207993447658e-01
   4.0000000000000000e+00   4.3184663279776886e-01
   4.1000000000000005e+00   4.3983369617844875e-01
   4.2000000000000002e+00   4.5142364784550026e-01
   4.2999999999999998e+00   4.6684561320216145e-01
   4.4000000000000004e+00   4.8644051878397254e-01
   4.5000000000000000e+00   5.1067624552097068e-01
   4.6000000000000005e+00   5.4016542160547487e-01
   4.7000000000000002e+00   5.7568461600102661e-01
   4.8000000000000007e+00   6.1819070593262559e-01
   4.9000000000000004e+00   6.6882442570442091e-01
   5.0000000000000000e+00   7.2887995919790116e-01
   5.1000000000000005e+00   7.9969899831219748e-01
   5.2000000000000002e+00   8.8241406387963417e-01
   5.3000000000000007e+00   9.7742286684152080e-01
   5.4000000000000004e+00   1.0834593948119762e+00
   5.5000000000000000e+00   1.1962581394941132e+00
   5.6000000000000005e+00   1.3073070920736001e+00
   5.7000000000000002e+00   1.4040806612365810e+00
   5.8000000000000007e+00   1.4734108295138928e+00
   5.9000000000000004e+00   1.5073531915152585e+00
   6.0000000000000000e+00   1.5071787510092043e+00
   6.1000000000000005e+00   1.4818354705456147e+00
   6.2000000000000002e+00   1.4428261526292416e+00
   6.3000000000000007e+00   1.3999878792457496e+00
   6.4000000000000004e+00   1.3599924244482207e+00
   6.5000000000000000e+00   1.3266922567981643e+00
   6.6000000000000005e+00   1.3020357768771851e+00
   6.7000000000000002e+00   1.2868887997100589e+00
   6.8000000000000007e+00   1.2815978429427819e+00
   6.9000000000000004e+00   1.2863318093914198e+00
   7.0000000000000000e+00   1.3012770024114035e+00
   7.1000000000000005e+00   1.3267457006318466e+00
   7.2000000000000002e+00   1.3632362481129634e+00
   7.3000000000000007e+00   1.4114647483692730e+00
   7.4000000000000004e+00   1.4723752444091096e+00
   7.5000000000000000e+00   1.5471240455906001e+00
   7.6000000000000005e+00   1.6370215523819005e+00
   7.7000000000000002e+00   1.7433987148114334e+00
   7.8000000000000007e+00   1.8673436529696923e+00
   7.9000000000000004e+00   2.0092305173313592e+00
   8.0000000000000000e+00   2.1679554551197975e+00
   8.0999999999999996e+00   2.3398531319272284e+00
   8.2000000000000011e+00   2.5174828548153476e+00
   8.3000000000000007e+00   2.6889187786610016e+00
   8.4000000000000004e+00   2.8386706286942580e+00
   8.5000000000000000e+00   2.9511647719513023e+00
   8.5999999999999996e+00   3.0160254275279179e+00
   8.7000000000000011e+00   3.0321382547439573e+00
   8.8000000000000007e+00   3.0075838435609867e+00
   8.9000000000000004e+00   2.9557481881832390e+00
   9.0000000000000000e+00   2.8906184769679855e+00
   9.0999999999999996e+00   2.8237598633139918e+00
   9.2000000000000011e+00   2.7634017257057422e+00
   9.3000000000000007e+00   2.7148334459070584e+00
   9.4000000000000004e+00   2.6812512577363790e+00
   9.5000000000000000e+00   2.6645776390915992e+00
   9.6000000000000014e+00   2.6660943393515142e+00
   9.7000000000000011e+00   2.6868883994802464e+00
   9.8000000000000007e+00   2.7281613646225087e+00
   9.9000000000000004e+00   2.7914555538522414e+00
   1.0000000000000000e+01   2.8788409776209871e+00
   1.0100000000000001e+01   2.9930954150842428e+00
   1.0200000000000001e+01   3.1379015069016112e+00
   1.0300000000000001e+01   3.3180773437818698e+00
   1.0400000000000000e+01   3.5398468949778641e+00
   1.0500000000000000e+01   3.8111351094337076e+00
   1.0600000000000001e+01   4.1418210140054033e+00
   1.0700000000000001e+01   4.5437603658382351e+00
   1.0800000000000001e+01   5.0301153360402182e+00
   1.0900000000000000e+01   5.6129617052070966e+00
   1.1000000000000000e+01   6.2971626973037340e+00
   1.1100000000000001e+01   7.0675436458384944e+00
   1.1200000000000001e+01   7.8682952361759533e+00
   1.1300000000000001e+01   8.5855001782229099e+00
   1.1400000000000000e+01   9.0664790486264515e+00
   1.1500000000000000e+01   9.2008239896019983e+00
   1.1600000000000001e+01   9.0010262191411421e+00
   1.1700000000000001e+01   8.5840673379650969e+00
   1.1800000000000001e+01   8.0836676844507505e+00
   1.1900000000000000e+01   7.5927637797831862e+00
   1.2000000000000000e+01   7.1583038613968482e+00
   1.2100000000000001e+01   6.7971529849271679e+00
   1.2200000000000001e+01   6.5110785405688549e+00
   1.2300000000000001e+01   6.2958026079249620e+00
   1.2400000000000000e+01   6.1455195358342385e+00
   1.2500000000000000e+01   6.0548899753420633e+00
   1.2600000000000001e+01   6.0198163278318102e+00
   1.2700000000000001e+01   6.0376852126470917e+00
   1.2800000000000001e+01   6.1074044071545153e+00
   1.2900000000000000e+01   6.2293807906772987e+00
   1.3000000000000000e+01   6.4054984217064677e+00
   1.3100000000000001e+01   6.6391118037332406e+00
   1.3200000000000001e+01   6.9350413446429018e+00
   1.3300000000000001e+01   7.2995296589059278e+00
   1.3400000000000000e+01   7.7400757060395504e+00
   1.3500000000000000e+01   8.2649950539332426e+00
   1.3600000000000001e+01   8.8824445782829944e+00
   1.3700000000000001e+01   9.5984948169131332e+00
   1.3800000000000001e+01   1.0413677681298196e+01
   1.3900000000000000e+01   1.1317467833082679e+01
   1.4000000000000000e+01   1.2280847275843099e+01
   1.4100000000000001e+01   1.3249201773555598e+01
   1.4200000000000001e+01   1.4141414480255062e+01
   1.4300000000000001e+01   1.4863185176218927e+01
   1.4400000000000000e+01   1.5336487212701803e+01
   1.4500000000000000e+01   1.5531257536418414e+01
   1.4600000000000001e+01   1.5476448234293205e+01
   1.4700000000000001e+01   1.5242657630038620e+01
   1.4800000000000001e+01   1.4912144741668175e+01
   1.4900000000000000e+01   1.4556118774609279e+01
   1.5000000000000000e+01   1.4226062992325815e+01
   1.5100000000000001e+01   1.3954950061338604e+01
   1.5200000000000001e+01   1.3762266879827438e+01
   1.5300000000000001e+01   1.3659166923811426e+01
   1.5400000000000000e+01   1.3652447347290400e+01
   1.5500000000000000e+01   1.3747267257186341e+01
   1.5600000000000001e+01   1.3948914303794709e+01
   1.5700000000000001e+01   1.4263949521980059e+01
   1.5800000000000001e+01   1.4700970841489974e+01
   1.5900000000000000e+01   1.5271129314282961e+01
   1.6000000000000000e+01   1.5988425691740314e+01
   1.6100000000000001e+01   1.6869691328983428e+01
   1.6199999999999999e+01   1.7933981123532458e+01
   1.6300000000000001e+01   1.9200829038963576e+01
   1.6400000000000002e+01   2.0686394868312838e+01
   1.6500000000000000e+01   2.2396000359677259e+01
   1.6600000000000001e+01   2.4311260028916060e+01
   1.6699999999999999e+01   2.6371101691968175e+01
   1.6800000000000001e+01   2.8450806727572459e+01
   1.6900000000000002e+01   3.0353672728715111e+01
   1.7000000000000000e+01   3.1839891494654250e+01
   1.7100000000000001e+01   3.2704958987982671e+01
   1.7199999999999999e+01   3.2871747508387152e+01
   1.7300000000000001e+01   3.2424321885920953e+01
   1.7400000000000002e+01   3.1555604909104606e+01
   1.7500000000000000e+01   3.0479526872203021e+01
   1.7600000000000001e+01   2.9369907752077594e+01
   1.7699999999999999e+01   2.8342511673922701e+01
   1.7800000000000001e+01   2.7463583281263073e+01
   1.7900000000000002e+01   2.6765993739781756e+01
   1.8000000000000000e+01   2.6263466791254277e+01
   1.8100000000000001e+01   2.5960503691851819e+01
   1.8199999999999999e+01   2.5858598344996253e+01
   1.8300000000000001e+01   2.5959965759584495e+01
   1.8400000000000002e+01   2.6269821502435565e+01
   1.8500000000000000e+01   2.6797926589636596e+01
   1.8600000000000001e+01   2.7559855760039774e+01
   1.8699999999999999e+01   2.8578281564440534e+01
   1.8800000000000001e+01   2.9884466334679523e+01
   1.8900000000000002e+01   3.1520082731175144e+01
   1.9000000000000000e+01   3.3539395931739399e+01
   1.9100000000000001e+01   3.6011662376613366e+01
   1.9200000000000003e+01   3.9023183571004921e+01
   1.9300000000000001e+01   4.2677490536521191e+01
   1.9400000000000002e+01   4.7090012065476316e+01
   1.9500000000000000e+01   5.2369263540392417e+01
   1.9600000000000001e+01   5.8569149078058608e+01
   1.9700000000000003e+01   6.5589153204185280e+01
   1.9800000000000001e+01   7.3009595087627488e+01
   1.9900000000000002e+01   7.9928604512356856e+01
   2.0000000000000000e+01   8.5042230339930086e+01
   2.0100000000000001e+01   8.7225758862326927e+01
   2.0200000000000003e+01   8.6290313138732529e+01
   2.0300000000000001e+01   8.3066486964243040e+01
   2.0400000000000002e+01   7.8745990853191870e+01
   2.0500000000000000e+01   7.4275295401557528e+01
   2.0600000000000001e+01   7.0194256215822051e+01
   2.0700000000000003e+01   6.6735290373109606e+01
   2.0800000000000001e+01   6.3959471124625580e+01
   2.0900000000000002e+01   6.1850400996439113e+01
   2.1000000000000000e+01   6.0365243891558315e+01
   2.1100000000000001e+01   5.9459064470494148e+01
   2.1200000000000003e+01   5.9095271593718685e+01
   2.1300000000000001e+01   5.9249520616038282e+01
   2.1400000000000002e+01   5.9910789972640565e+01
   2.1500000000000000e+01   6.1081360117302438e+01
   2.1600000000000001e+01   6.2776401763982442e+01
   2.1700000000000003e+01   6.5023330878670521e+01
   2.1800000000000001e+01   6.7860719120252000e+01
   2.1900000000000002e+01   7.1336185621818274e+01
   2.2000000000000000e+01   7.5502219069942100e+01
   2.2100000000000001e+01   8.0408209690439989e+01
   2.2200000000000003e+01   8.6086136782176979e+01
   2.2300000000000001e+01   9.2526705912479613e+01
   2.2400000000000002e+01   9.9643380235962638e+01
   2.2500000000000000e+01   1.0722616429975473e+02
   2.2600000000000001e+01   1.1489856967047321e+02
   2.2700000000000003e+01   1.2210984813263104e+02
   2.2800000000000001e+01   1.2820640359065328e+02
   2.2900000000000002e+01   1.3259988428059589e+02
   2.3000000000000000e+01   1.3497169764972210e+02
   2.3100000000000001e+01   1.3538912113555145e+02
   2.3200000000000003e+01   1.3425385043219600e+02
   2.3300000000000001e+01   1.3213183858245213e+02
   2.3400000000000002e+01   1.2958149044540849e+02
   2.3500000000000000e+01   1.2705493990955925e+02
   2.3600000000000001e+01   1.2487455336822052e+02
   2.3700000000000003e+01   1.2325252264072607e+02
   2.3800000000000001e+01   1.2232405197854393e+02
   2.3900000000000002e+01   1.2217853523166316e+02
   2.4000000000000000e+01   1.2288377135191780e+02
   2.4100000000000001e+01   1.2450341449969918e+02
   2.4200000000000003e+01   1.2710948166792893e+02
   2.4300000000000001e+01   1.3079180253382677e+02
   2.4400000000000002e+01   1.3566584469924533e+02
   2.4500000000000000e+01   1.4187976368917262e+02
   2.4600000000000001e+01   1.4962081902154603e+02
   2.4700000000000003e+01   1.5912022965572828e+02
   2.4800000000000001e+01   1.7065360579980526e+02
   2.4900000000000002e+01   1.8453036516764229e+02
   2.5000000000000000e+01   2.0105855638054157e+02
   2.5100000000000001e+01   2.2045975861356933e+02
   2.5200000000000003e+01   2.4269387096922074e+02
   2.5300000000000001e+01   2.6715166411449979e+02
   2.5400000000000002e+01   2.9223722456546443e+02
   2.5500000000000000e+01   3.1508181673884360e+02
   2.5600000000000001e+01   3.3195050517227412e+02
   2.5700000000000003e+01   3.3974485393815036e+02
   2.5800000000000001e+01   3.3777736612802556e+02
   2.5900000000000002e+01   3.2808983037091610e+02
   2.6000000000000000e+01   3.1403264239703185e+02
   2.6100000000000001e+01   2.9864576641820668e+02
   2.6200000000000003e+01   2.8395362622814196e+02
   2.6300000000000001e+01   2.7103041773633663e+02
   2.6400000000000002e+01   2.6032161938335992e+02
   2.6500000000000000e+01   2.5193236485456444e+02
   2.6600000000000001e+01   2.4581474013240540e+02
   2.6700000000000003e+01   2.4187259303556002e+02
   2.6800000000000001e+01   2.4001541732722180e+02
   2.6900000000000002e+01   2.4018474554058443e+02
   2.7000000000000000e+01   2.4236712775348678e+02
   2.7100000000000001e+01   2.4660143928153403e+02
   2.7200000000000003e+01   2.5298462060474296e+02
   2.7300000000000001e+01   2.6167798849072688e+02
   2.7400000000000002e+01   2.7291515989711337e+02
   2.7500000000000000e+01   2.8701183039611681e+02
   2.7600000000000001e+01   3.0437665021838473e+02
   2.7700000000000003e+01   3.2552060071959255e+02
   2.7800000000000001e+01   3.5105850729463208e+02
   2.7900000000000002e+01   3.8168870361934125e+02
   2.8000000000000000e+01   4.1812230067653201e+02
   2.8100000000000001e+01   4.6090871209624362e+02
   2.8200000000000003e+01   5.1007203444065948e+02
   2.8300000000000001e+01   5.6446562993698285e+02
   2.8400000000000002e+01   6.2087845698344245e+02
   2.8500000000000000e+01   6.7337335507205830e+02
   2.8600000000000001e+01   7.1401734805058868e+02
   2.8700000000000003e+01   7.3592486409945184e+02
   2.8800000000000001e+01   7.3706864928624384e+02
   2.8900000000000002e+01   7.2125378949373737e+02
   2.9000000000000000e+01   6.9536415801402211e+02
   2.9100000000000001e+01   6.6592258321931070e+02
   2.9200000000000003e+01   6.3743952572733576e+02
   2.9300000000000001e+01   6.1242390808165976e+02
   2.9400000000000002e+01   5.9201185371067800e+02
   2.9500000000000000e+01   5.7657160897318363e+02
   2.9600000000000001e+01   5.6611064312612666e+02
   2.9700000000000003e+01   5.6050965953021694e+02
   2.9800000000000001e+01   5.5964566957916657e+02
   2.9900000000000002e+01   5.6345291649103717e+02
   3.0000000000000000e+01   5.7195142677443062e+02
   3.0100000000000001e+01   5.8525914267460337e+02
   3.0200000000000003e+01   6.0359490549549832e+02
   3.0300000000000001e+01   6.2727392033976275e+02
   3.0400000000000002e+01   6.5669283393786429e+02
   3.0500000000000000e+01   6.9229675151018546e+02
   3.0600000000000001e+01   7.3451439981376086e+02
   3.0700000000000003e+01   7.8364007837577719e+02
   3.0800000000000001e+01   8.3963436825587007e+02
   3.0900000000000002e+01   9.0181826163187691e+02
   3.1000000000000000e+01   9.6846733900180743e+02
   3.1100000000000001e+01   1.0364044936479274e+03
   3.1200000000000003e+01   1.1008518936837095e+03
   3.1300000000000001e+01   1.1559383766452736e+03
   3.1400000000000002e+01   1.1960990941833638e+03
   3.1500000000000000e+01   1.2179565995020716e+03
   3.1600000000000001e+01   1.2215880890119001e+03
   3.1700000000000003e+01   1.2103006905261559e+03
   3.1800000000000001e+01   1.1891703329866009e+03
   3.1900000000000002e+01   1.1633971164383163e+03
   3.2000000000000000e+01   1.1372755397063727e+03
   3.2100000000000001e+01   1.1138904949711625e+03
   3.2200000000000003e+01   1.0952617318523000e+03
   3.2300000000000004e+01   1.0826463193516797e+03
   3.2399999999999999e+01   1.0768348598884413e+03
   3.2500000000000000e+01   1.0783846130119593e+03
   3.2600000000000001e+01   1.0877875460240662e+03
   3.2700000000000003e+01   1.1055900387647839e+03
   3.2800000000000004e+01   1.1324830960679037e+03
   3.2899999999999999e+01   1.1693787110764770e+03
   3.3000000000000000e+01   1.2174840760453428e+03
   3.3100000000000001e+01   1.2783817238461818e+03
   3.3200000000000003e+01   1.3541196401301231e+03
   3.3300000000000004e+01   1.4473085428520524e+03
   3.3399999999999999e+01   1.5612087581249298e+03
   3.3500000000000000e+01   1.6997556190994515e+03
   3.3600000000000001e+01   1.8673982503162927e+03
   3.3700000000000003e+01   2.0684734591724841e+03
   3.3800000000000004e+01   2.3055612012758638e+03
   3.3899999999999999e+01   2.5759318260792129e+03
   3.4000000000000000e+01   2.8653742667995957e+03
   3.4100000000000001e+01   3.1412108405293343e+03
   3.4200000000000003e+01   3.3529271082900650e+03
   3.4300000000000004e+01   3.4521429737091603e+03
   3.4399999999999999e+01   3.4242767277322423e+03
   3.4500000000000000e+01   3.2979381634314327e+03
   3.4600000000000001e+01   3.1211170941519508e+03
   3.4700000000000003e+01   2.9343201353436971e+03
   3.4800000000000004e+01   2.7614631978751936e+03
   3.4899999999999999e+01   2.6131170734575589e+03
   3.5000000000000000e+01   2.4922054821896440e+03
   3.5100000000000001e+01   2.3981280102200226e+03
   3.5200000000000003e+01   2.3290395793309190e+03
   3.5300000000000004e+01   2.2829440640371904e+03
   3.5399999999999999e+01   2.2581649185591327e+03
   3.5500000000000000e+01   2.2535231207993443e+03
   3.5600000000000001e+01   2.2683910953201366e+03
   3.5700000000000003e+01   2.3027028485736237e+03
   3.5800000000000004e+01   2.3569563555242507e+03
   3.5899999999999999e+01   2.4322225497490881e+03
   3.6000000000000000e+01   2.5301635503608882e+03
   3.6100000000000001e+01   2.6530538149579211e+03
   3.6200000000000003e+01   2.8037866236710652e+03
   3.6300000000000004e+01   2.9858293857330018e+03
   3.6399999999999999e+01   3.2030577426182704e+03
   3.6500000000000000e+01   3.4593416012410498e+03
   3.6600000000000001e+01   3.7576706265323824e+03
   3.6700000000000003e+01   4.0985107377479362e+03
   3.6800000000000004e+01   4.4770752485121448e+03
   3.6899999999999999e+01   4.8795527133562200e+03
   3.7000000000000000e+01   5.2795303953255234e+03
   3.7100000000000001e+01   5.6379687441149181e+03
   3.7200000000000003e+01   5.9111450911263537e+03
   3.7300000000000004e+01   6.0666693719619579e+03
   3.7399999999999999e+01   6.0982511867805233e+03
   3.7500000000000000e+01   6.0271820256583578e+03
   3.7600000000000001e+01   5.8900623838509891e+03
   3.7700000000000003e+01   5.7238425837246596e+03
   3.7800000000000004e+01   5.5571782667758280e+03
   3.7899999999999999e+01   5.4087945158813845e+03
   3.8000000000000000e+01   5.2894840159270134e+03
   3.8100000000000001e+01   5.2048772097577557e+03
   3.8200000000000003e+01   5.1577276340610606e+03
   3.8300000000000004e+01   5.1494725689012912e+03
   3.8400000000000006e+01   5.1812066852559974e+03
   3.8500000000000000e+01   5.2542657838863288e+03
   3.8600000000000001e+01   5.6150578933445604e+03
   3.8700000000000003e+01   6.2233113355219621e+03
   3.8800000000000004e+01   7.0437024051325270e+03
   3.8900000000000006e+01   8.0559183145334919e+03
   3.9000000000000000e+01   9.2553840472301144e+03
   3.9100000000000001e+01   1.0649743558972803e+04
   3.9200000000000003e+01   1.2253977410091682e+04
   3.9300000000000004e+01   1.4084218337959963e+04
   3.9400000000000006e+01   1.6148855994770422e+04
   3.9500000000000000e+01   1.8435210950848887e+04
   3.9600000000000001e+01   2.0891488535514905e+04
   3.9700000000000003e+01   2.3408550508123753e+04
   3.9800000000000004e+01   2.5814666646718510e+04
   3.9900000000000006e+01   2.7901925754108644e+04
   4.0000000000000000e+01   2.9489415418009849e+04
   4.0100000000000001e+01   3.0492831391766431e+04
   4.0200000000000003e+01   3.0950951413401195e+04
   4.0300000000000004e+01   3.0992628597953921e+04
   4.0400000000000006e+01   3.0777092943586180e+04
   4.0500000000000000e+01   3.0447732430402739e+04
   4.0600000000000001e+01   3.0112971000369198e+04
   4.0700000000000003e+01   2.9846609997991207e+04
   4.0800000000000004e+01   2.9696171799381234e+04
   4.0900000000000006e+01   2.9692158618687608e+04
   4.1000000000000000e+01   2.9855549601050068e+04
   4.1100000000000001e+01   3.0203188154458618e+04
   4.1200000000000003e+01   3.0751527046978215e+04
   4.1300000000000004e+01   3.1519323027082883e+04
   4.1400000000000006e+01   3.2529777080160027e+04
   4.1500000000000000e+01   3.3812492603232560e+04
   4.1600000000000001e+01   3.5405525939069848e+04
   4.1700000000000003e+01   3.7357729915767690e+04
   4.1800000000000004e+01   3.9731511964644400e+04
   4.1900000000000006e+01   4.2605982479283557e+04
   4.2000000000000000e+01   4.6080126665832307e+04
   4.2100000000000001e+01   5.0274812624699676e+04
   4.2200000000000003e+01   5.5330551886514593e+04
   4.2300000000000004e+01   6.1393798521385979e+04
   4.2400000000000006e+01   6.8576495892598439e+04
   4.2500000000000000e+01   7.6861351586070246e+04
   4.2600000000000001e+01   8.5920478519993310e+04
   4.2700000000000003e+01   9.4867148129500914e+04
   4.2800000000000004e+01   1.0215553334352917e+05
   4.2900000000000006e+01   1.0606391691392710e+05
   4.3000000000000000e+01   1.0577316838833467e+05
   4.3100000000000001e+01   1.0197142489179711e+05
   4.3200000000000003e+01   9.6221521343992863e+04
   4.3300000000000004e+01   8.9959027272189371e+04
   4.3400000000000006e+01   8.4061996413797009e+04
   4.3500000000000000e+01   7.8924085101199496e+04
   4.3600000000000001e+01   7.4655250659316065e+04
   4.3700000000000003e+01   7.1233882143941635e+04
   4.3800000000000004e+01   6.8591138308460999e+04
   4.3900000000000006e+01   6.6650800541894001e+04
   4.4000000000000000e+01   6.5345856755874898e+04
   4.4100000000000001e+01   6.4624251860063050e+04
   4.4200000000000003e+01   6.4450044693718650e+04
   4.4300000000000004e+01   6.4802852166083059e+04
   4.4400000000000006e+01   6.5676804122669564e+04
   4.4500000000000000e+01   6.7079427646635988e+04
   4.4600000000000001e+01   6.9030450335580288e+04
   4.4700000000000003e+01   7.1560203171142493e+04
   4.4800000000000004e+01   7.4706963566294580e+04
   4.4900000000000006e+01   7.8512100147394871e+04
   4.5000000000000000e+01   8.3011192425800284e+04
   4.5100000000000001e+01   8.8218446159361352e+04
   4.5200000000000003e+01   9.4101116553033746e+04
   4.5300000000000004e+01   1.0054157778096512e+05
   4.5400000000000006e+01   1.0728995382584362e+05
   4.5500000000000000e+01   1.1392359097910738e+05
   4.5600000000000001e+01   1.1985024575210320e+05
   4.5700000000000003e+01   1.2440180837265999e+05
   4.5800000000000004e+01   1.2702793787235733e+05
   4.5900000000000006e+01   1.2750693386389519e+05
   4.6000000000000000e+01   1.2603256741973228e+05
   4.6100000000000001e+01   1.2311358053219055e+05
   4.6200000000000003e+01   1.1937013436323854e+05
   4.6300000000000004e+01   1.1536042046479155e+05
   4.6400000000000006e+01   1.1150030888155938e+05
   4.6500000000000000e+01   1.0806007005343671e+05
   4.6600000000000001e+01   1.0519710148682511e+05
   4.6700000000000003e+01   1.0299477705746604e+05
   4.6800000000000004e+01   1.0149446427819322e+05
   4.6900000000000006e+01   1.0071818095457052e+05
   4.7000000000000000e+01   1.0068349043346742e+05
   4.7100000000000001e+01   1.0141304456152157e+05
   4.7200000000000003e+01   1.0294076983779125e+05
   4.7300000000000004e+01   1.0531599802572108e+05
   4.7400000000000006e+01   1.0860614157300659e+05
   4.7500000000000000e+01   1.1289776843723208e+05
   4.7600000000000001e+01   1.1829493945720438e+05
   4.7700000000000003e+01   1.2491209740092065e+05
   4.7800000000000004e+01   1.3285618019663813e+05
   4.7900000000000006e+01   1.4218860591537086e+05
   4.8000000000000000e+01   1.5285309023052317e+05
   4.8100000000000001e+01   1.6455488094260960e+05
   4.8200000000000003e+01   1.7659626007375118e+05
   4.8300000000000004e+01   1.8773922044789343e+05
   4.8400000000000006e+01   1.9627944847300072e+05
   4.8500000000000000e+01   2.0053943626821219e+05
   4.8600000000000001e+01   1.9966785947676699e+05
   4.8700000000000003e+01   1.9413020830497326e+05
   4.8800000000000004e+01   1.8540445025166543e+05
   4.8900000000000006e+01   1.7520489328472479e+05
   4.9000000000000000e+01   1.6489332910653090e+05
   4.9100000000000001e+01   1.5531172658607789e+05
   4.9200000000000003e+01   1.4687562734291292e+05
   4.9300000000000004e+01   1.3973049034215635e+05
   4.9400000000000006e+01   1.3387845765502620e+05
   4.9500000000000000e+01   1.2925904595888384e+05
   4.9600000000000001e+01   1.2579435684195081e+05
   4.9700000000000003e+01   1.2341239268929706e+05
   4.9800000000000004e+01   1.2205837438538247e+05
   4.9900000000000006e+01   1.2170008846007485e+05
   5.0000000000000000e+01   1.2233065002598093e+05
   5.0100000000000001e+01   1.2397051050819337e+05
   5.0200000000000003e+01   1.2666966931729135e+05
   5.0300000000000004e+01   1.3051053694294038e+05
   5.0400000000000006e+01   1.3561149202992290e+05
   5.0500000000000000e+01   1.4213063059745645e+05
   5.0600000000000001e+01   1.5026816856177890e+05
   5.0700000000000003e+01   1.6026379939411124e+05
   5.0800000000000004e+01   1.7238087918580655e+05
   5.0900000000000006e+01   1.8686078528900121e+05
   5.1000000000000000e+01   2.0381651375505532e+05
   5.1100000000000001e+01   2.2301834907803495e+05
   5.1200000000000003e+01   2.4353344600895979e+05
   5.1300000000000004e+01   2.6329778768850985e+05
   5.1400000000000006e+01   2.7902301656949194e+05
   5.1500000000000000e+01   2.8713124099752703e+05
   5.1600000000000001e+01   2.8571938997449056e+05
   5.1700000000000003e+01   2.7586784379551804e+05
   5.1800000000000004e+01   2.6077873207441418e+05
   5.1900000000000006e+01   2.4381966151355355e+05
   5.2000000000000000e+01   2.2733681996096054e+05
   5.2100000000000001e+01   2.1255225750107484e+05
   5.2200000000000003e+01   1.9992149594348832e+05
   5.2300000000000004e+01   1.8949166458572977e+05
   5.2400000000000006e+01   1.8113292422152439e+05
   5.2500000000000000e+01   1.7466179301514523e+05
   5.2600000000000001e+01   1.6989910796090632e+05
   5.2700000000000003e+01   1.6669392566780129e+05
   5.2800000000000004e+01   1.6493120365837115e+05
   5.2900000000000006e+01   1.6453230915297318e+05
   5.3000000000000000e+01   1.6545253112233616e+05
   5.3100000000000001e+01   1.6767718741004510e+05
   5.3200000000000003e+01   1.7121645438339806e+05
   5.3300000000000004e+01   1.7609800691111357e+05
   5.3400000000000006e+01   1.8235554028308691e+05
   5.3500000000000000e+01   1.9001005565148086e+05
   5.3600000000000001e+01   1.9903951633002691e+05
   5.3700000000000003e+01   2.0933186256297305e+05
   5.3800000000000004e+01   2.2061853584086450e+05
   5.3900000000000006e+01   2.3239490762767202e+05
   5.4000000000000000e+01   2.4385556396174405e+05
   5.4100000000000001e+01   2.5390420049403995e+05
   5.4200000000000003e+01   2.6131315302099354e+05
   5.4300000000000004e+01   2.6505184431603755e+05
   5.4400000000000006e+01   2.6466025894534687e+05
   5.4500000000000000e+01   2.6043486120010357e+05
   5.4600000000000001e+01   2.5329164023167445e+05
   5.4700000000000003e+01   2.4441371656957769e+05
   5.4800000000000004e+01   2.3491323658350614e+05
   5.4900000000000006e+01   2.2564807504043280e+05
   5.5000000000000000e+01   2.1719011212969373e+05
   5.5100000000000001e+01   2.0987638471888460e+05
   5.5200000000000003e+01   2.0388267917577451e+05
   5.5300000000000004e+01   1.9928882179479476e+05
   5.5400000000000006e+01   1.9612690411203145e+05
   5.5500000000000000e+01   1.9441389292857435e+05
   5.5600000000000001e+01   1.9417299086513818e+05
   5.5700000000000003e+01   1.9544793519412630e+05
   5.5800000000000004e+01   1.9831337223657992e+05
   5.5900000000000006e+01   2.0288335182976481e+05
   5.6000000000000000e+01   2.0931898548926422e+05
   5.6100000000000001e+01   2.1783519462249574e+05
   5.6200000000000003e+01   2.2870475179479699e+05
   5.6300000000000004e+01   2.4225456135368629e+05
   5.6400000000000006e+01   2.5884264285793985e+05
   5.6500000000000000e+01   2.7879185252265650e+05
   5.6600000000000001e+01   3.0223538802877505e+05
   5.6700000000000003e+01   3.2880461157013330e+05
   5.6800000000000004e+01   3.5710088140626316e+05
   5.6900000000000006e+01   3.8406288858956698e+05
   5.7000000000000000e+01   4.0482772277995944e+05
   5.7100000000000001e+01   4.1413984863457672e+05
   5.7200000000000003e+01   4.0932219598241639e+05
   5.7300000000000004e+01   3.9221398966906982e+05
   5.7400000000000006e+01   3.6776198659621162e+05
   5.7500000000000000e+01   3.4100791232587438e+05
   5.7600000000000001e+01   3.1535008688246342e+05
   5.7700000000000003e+01   2.9247221266971523e+05
   5.7800000000000004e+01   2.7292955303411459e+05
   5.7900000000000006e+01   2.5669872945318298e+05
   5.8000000000000000e+01   2.4351997064966522e+05
   5.8100000000000001e+01   2.3307332761949615e+05
   5.8200000000000003e+01   2.2505817428238687e+05
   5.8300000000000004e+01   2.1922402898042958e+05
   5.8400000000000006e+01   2.1537924278043394e+05
   5.8500000000000000e+01   2.1339078348552372e+05
   5.8600000000000001e+01   2.1318129211426299e+05
   5.8700000000000003e+01   2.1472609657672717e+05
   5.8800000000000004e+01   2.1805115453255459e+05
   5.8900000000000006e+01   2.2323196098953433e+05
   5.9000000000000000e+01   2.3039271233411063e+05
   5.9100000000000001e+01   2.3970403124744495e+05
   5.9200000000000003e+01   2.5137584567753811e+05
   5.9300000000000004e+01   2.6563891500615800e+05
   5.9400000000000006e+01   2.8270315521163720e+05
   5.9500000000000000e+01   3.0267283751974540e+05
   5.9600000000000001e+01   3.2539012460882321e+05
   5.9700000000000003e+01   3.5018080749430048e+05
   5.9800000000000004e+01   3.7552207977945759e+05
   5.9900000000000006e+01   3.9879308793954313e+05
   6.0000000000000000e+01   4.1648709552150243e+05
   6.0100000000000001e+01   4.2526326553226798e+05
   6.0200000000000003e+01   4.2353350003569043e+05
   6.0300000000000004e+01   4.1235118195445242e+05
   6.0400000000000006e+01   3.9473840008521895e+05
   6.0500000000000000e+01   3.7415011998716724e+05
   6.0600000000000001e+01   3.5333367139052827e+05
   6.0700000000000003e+01   3.3400581051343767e+05
   6.0800000000000004e+01   3.1703323578609782e+05
   6.0900000000000006e+01   3.0273806565034250e+05
   6.1000000000000000e+01   2.9114867155099369e+05
   6.1100000000000001e+01   2.8216152748696564e+05
   6.1200000000000003e+01   2.7563305592221121e+05
   6.1300000000000004e+01   2.7142730003247299e+05
   6.1400000000000006e+01   2.6943854784555000e+05
   6.1500000000000000e+01   2.6960049905929685e+05
   6.1600000000000001e+01   2.7188812155519106e+05
   6.1700000000000003e+01   2.7631478093684674e+05
   6.1800000000000004e+01   2.8292472967745166e+05
   6.1900000000000006e+01   2.9177887776343041e+05
   6.2000000000000000e+01   3.0292940600105346e+05
   6.2100000000000001e+01   3.1637604702024866e+05
   6.2200000000000003e+01   3.3199443434592203e+05
   6.2300000000000004e+01   3.4942764401842142e+05
   6.2400000000000006e+01   3.6794299353743909e+05
   6.2500000000000000e+01   3.8628909850789409e+05
   6.2600000000000001e+01   4.0264942445507355e+05
   6.2700000000000003e+01   4.1484511908651213e+05
   6.2800000000000004e+01   4.2088557076366036e+05
   6.2900000000000006e+01   4.1970617573296116e+05
   6.3000000000000000e+01   4.1163981070446491e+05
   6.3100000000000001e+01   3.9825625830106437e+05
   6.3200000000000003e+01   3.8170242915107444e+05
   6.3300000000000004e+01   3.6401706821231265e+05
   6.3400000000000006e+01   3.4675008307113103e+05
   6.3500000000000000e+01   3.3089764243746822e+05
   6.3600000000000001e+01   3.1700797104120516e+05
   6.3700000000000003e+01   3.0532884472046403e+05
   6.3800000000000004e+01   2.9593386469398951e+05
   6.3900000000000006e+01   2.8881190270053223e+05
   6.4000000000000000e+01   2.8392460856666515e+05
   6.4100000000000009e+01   2.8124177340844035e+05
   6.4200000000000003e+01   2.8076322981909721e+05
   6.4299999999999997e+01   2.8253354356945679e+05
   6.4400000000000006e+01   2.8665363489358645e+05
   6.4500000000000000e+01   2.9329194457473885e+05
   6.4600000000000009e+01   3.0269663200576580e+05
   6.4700000000000003e+01   3.1520914822688175e+05
   6.4799999999999997e+01   3.3127767592622025e+05
   6.4900000000000006e+01   3.5146505071144522e+05
   6.5000000000000000e+01   3.7643719178467256e+05
   6.5100000000000009e+01   4.0689954369794845e+05
   6.5200000000000003e+01   4.4341208631126204e+05
   6.5299999999999997e+01   4.8595237492025353e+05
   6.5400000000000006e+01   5.3304444896161510e+05
   6.5500000000000000e+01   5.8041924613981217e+05
   6.5600000000000009e+01   6.1998538508695003e+05
   6.5700000000000003e+01   6.4137818933831435e+05
   6.5799999999999997e+01   6.3765513110228477e+05
   6.5900000000000006e+01   6.1071859060555033e+05
   6.6000000000000000e+01   5.6963730962200067e+05
   6.6100000000000009e+01   5.2419049863893056e+05
   6.6200000000000003e+01   4.8084108694545837e+05
   6.6299999999999997e+01   4.4257883142877661e+05
   6.6400000000000006e+01   4.1022216882356006e+05
   6.6500000000000000e+01   3.8356007517687377e+05
   6.6600000000000009e+01   3.6201054189215926e+05
   6.6700000000000003e+01   3.4493154454536963e+05
   6.6799999999999997e+01   3.3174653441856004e+05
   6.6900000000000006e+01   3.2198414657995588e+05
   6.7000000000000000e+01   3.1528238052387629e+05
   6.7100000000000009e+01   3.1138020543073304e+05
   6.7200000000000003e+01   3.1010628006054333e+05
   6.7299999999999997e+01   3.1136837379824399e+05
   6.7400000000000006e+01   3.1514425695783307e+05
   6.7500000000000000e+01   3.2147333823451563e+05
   6.7600000000000009e+01   3.3044715409934468e+05
   6.7700000000000003e+01   3.4219534043847548e+05
   6.7799999999999997e+01   3.5686145619877946e+05
   6.7900000000000006e+01   3.7455962473886501e+05
   6.8000000000000000e+01   3.9529859907401953e+05
   6.8100000000000009e+01   4.1885662284458190e+05
   6.8200000000000003e+01   4.4459530875655520e+05
   6.8299999999999997e+01   4.7122943067732983e+05
   6.8400000000000006e+01   4.9664325213169196e+05
   6.8500000000000000e+01   5.1795575691748905e+05
   6.8600000000000009e+01   5.3207565985961154e+05
   6.8700000000000003e+01   5.3673848518590943e+05
   6.8799999999999997e+01   5.3149374248821230e+05
   6.8900000000000006e+01   5.1789789422324864e+05
   6.9000000000000000e+01   4.9876080660384253e+05
   6.9100000000000009e+01   4.7706459350778628e+05
   6.9200000000000003e+01   4.5522269742739503e+05
   6.9299999999999997e+01   4.3485349281400081e+05
   6.9400000000000006e+01   4.1688357722088136e+05
   6.9500000000000000e+01   4.0175821630511293e+05
   6.9600000000000009e+01   3.8963554204306076e+05
   6.9700000000000003e+01   3.8052708162511571e+05
   6.9799999999999997e+01   3.7438776049070922e+05
   6.9900000000000006e+01   3.7116959879483696e+05
   7.0000000000000000e+01   3.7085233723167895e+05
   7.0100000000000009e+01   3.7346019193936291e+05
   7.0200000000000003e+01   3.7907000325083121e+05
   7.0299999999999997e+01   3.8781272811745328e+05
   7.0400000000000006e+01   3.9986708893594920e+05
   7.0500000000000000e+01   4.1544044401294598e+05
   7.0600000000000009e+01   4.3472666779625468e+05
   7.0700000000000003e+01   4.5782337353645288e+05
   7.0799999999999997e+01   4.8458230528917478e+05
   7.0900000000000006e+01   5.1436441419222212e+05
   7.1000000000000000e+01   5.4569707282410481e+05
   7.1100000000000009e+01   5.7592786713813362e+05
   7.1200000000000003e+01   6.0116491856601881e+05
   7.1299999999999997e+01   6.1695551705914503e+05
   7.1400000000000006e+01   6.1986428907031915e+05
   7.1500000000000000e+01   6.0916149989254854e+05
   7.1600000000000009e+01   5.8722987000377686e+05
   7.1700000000000003e+01   5.5830186805313616e+05
   7.1799999999999997e+01   5.2666751870093599e+05
   7.1900000000000006e+01   4.9556285809240618e+05
   7.2000000000000000e+01   4.6695223960015422e+05
   7.2100000000000009e+01   4.4179689709318941e+05
   7.2200000000000003e+01   4.2042233407233242e+05
   7.2299999999999997e+01   4.0281195103661512e+05
   7.2400000000000006e+01   3.8879767608173651e+05
   7.2500000000000000e+01   3.7817038533279445e+05
   7.2600000000000009e+01   3.7073938904977794e+05
   7.2700000000000003e+01   3.6636311364215607e+05
   7.2799999999999997e+01   3.6496505654928199e+05
   7.2900000000000006e+01   3.6654330206088588e+05
   7.3000000000000000e+01   3.7117831007753330e+05
   7.3100000000000009e+01   3.7904158402631816e+05
   7.3200000000000003e+01   3.9040646257466415e+05
   7.3299999999999997e+01   4.0566098996143986e+05
   7.3400000000000006e+01   4.2532076497659856e+05
   7.3500000000000000e+01   4.5003542452590616e+05
   7.3600000000000009e+01   4.8057323292162025e+05
   7.3700000000000003e+01   5.1774894831746508e+05
   7.3799999999999997e+01   5.6222263852109155e+05
   7.3900000000000006e+01   6.1403623245928332e+05
   7.4000000000000000e+01   6.7170096887341747e+05
   7.4100000000000009e+01   7.3077206110155873e+05
   7.4200000000000003e+01   7.8257685815545858e+05
   7.4299999999999997e+01   8.1525615223353438e+05
   7.4400000000000006e+01   8.1924783674301952e+05
   7.4500000000000000e+01   7.9402935071211553e+05
   7.4600000000000009e+01   7.4843446347471199e+05
   7.4700000000000003e+01   6.9419067083541816e+05
   7.4799999999999997e+01   6.4022182252128120e+05
   7.4900000000000006e+01   5.9131705572827114e+05
   7.5000000000000000e+01   5.4926011898133473e+05
   7.5100000000000009e+01   5.1422601393988379e+05
   7.5200000000000003e+01   4.8570710154432437e+05
   7.5299999999999997e+01   4.6299658908900974e+05
   7.5400000000000006e+01   4.4540571559187485e+05
   7.5500000000000000e+01   4.3234671429334750e+05
   7.5600000000000009e+01   4.2335497578161233e+05
   7.5700000000000003e+01   4.1808634708734532e+05
   7.5799999999999997e+01   4.1630572354072577e+05
   7.5900000000000006e+01   4.1787337585482001e+05
   7.6000000000000000e+01   4.2273066640443570e+05
   7.6100000000000009e+01   4.3088412695086008e+05
   7.6200000000000003e+01   4.4238480152992788e+05
   7.6299999999999997e+01   4.5729748336715694e+05
   7.6400000000000006e+01   4.7565162567533494e+05
   7.6500000000000000e+01   4.9736263009640214e+05
   7.6600000000000009e+01   5.2211097042545793e+05
   7.6700000000000003e+01   5.4917292530592799e+05
   7.6800000000000011e+01   5.7722189948392543e+05
   7.6900000000000006e+01   6.0417648530453746e+05
   7.7000000000000000e+01   6.2725242606003245e+05
   7.7100000000000009e+01   6.4340547236455721e+05
   7.7200000000000003e+01   6.5018925620718300e+05
   7.7300000000000011e+01   6.4667597598848608e+05
   7.7400000000000006e+01   6.3384385181399924e+05
   7.7500000000000000e+01   6.1414202244406648e+05
   7.7600000000000009e+01   5.9056794327331008e+05
   7.7700000000000003e+01   5.6584466090165463e+05
   7.7800000000000011e+01   5.4201252992486686e+05
   7.7900000000000006e+01   5.2039121424562368e+05
   7.8000000000000000e+01   5.0172862717301358e+05
   7.8100000000000009e+01   4.8639028084489604e+05
   7.8200000000000003e+01   4.7451992612334900e+05
   7.8300000000000011e+01   4.6615487867555575e+05
   7.8400000000000006e+01   4.6130212080842158e+05
   7.8500000000000000e+01   4.5998679416968377e+05
   7.8600000000000009e+01   4.6228339093212481e+05
   7.8700000000000003e+01   4.6833691367329931e+05
   7.8800000000000011e+01   4.7837824382540135e+05
   7.8900000000000006e+01   4.9273504929871578e+05
   7.9000000000000000e+01   5.1183608018872928e+05
   7.9100000000000009e+01   5.3620127646264562e+05
   7.9200000000000003e+01   5.6640044401617139e+05
   7.9300000000000011e+01   6.0294594873151963e+05
   7.9400000000000006e+01   6.4605693551021104e+05
   7.9500000000000000e+01   6.9519985769645148e+05
   7.9600000000000009e+01   7.4831527222808287e+05
   7.9700000000000003e+01   8.0081853514602897e+05
   7.9800000000000011e+01   8.4502668523358763e+05
   7.9900000000000006e+01   8.7144467201065330e+05
   8.0000000000000000e+01   8.7282921160399739e+05
   8.0100000000000009e+01   8.4867689206935302e+05
   8.0200000000000003e+01   8.0558174550362735e+05
   8.0300000000000011e+01   7.5304479409040336e+05
   8.0400000000000006e+01   6.9912417892656603e+05
   8.0500000000000000e+01   6.4879443076739646e+05
   8.0600000000000009e+01   6.0437501805476856e+05
   8.0700000000000003e+01   5.6653377945777413e+05
   8.0800000000000011e+01   5.3510539145411807e+05
   8.0900000000000006e+01   5.0958964138329349e+05
   8.1000000000000000e+01   4.8941141509109049e+05
   8.1100000000000009e+01   4.7404158261462091e+05
   8.1200000000000003e+01   4.6304623936240497e+05
   8.1300000000000011e+01   4.5610244640666887e+05
   8.1400000000000006e+01   4.5300020050681027e+05
   8.1500000000000000e+01   4.5364028383782780e+05
   8.1600000000000009e+01   4.5803243502796208e+05
   8.1700000000000003e+01   4.6629556437523296e+05
   8.1800000000000011e+01   4.7866005084866710e+05
   8.1900000000000006e+01   4.9547051045205886e+05
   8.2000000000000000e+01   5.1718484683081199e+05
   8.2100000000000009e+01   5.4436052919182286e+05
   8.2200000000000003e+01   5.7760971650837373e+05
   8.2300000000000011e+01   6.1748792584929580e+05
   8.2400000000000006e+01   6.6425398269233026e+05
   8.2500000000000000e+01   7.1740872248090024e+05
   8.2600000000000009e+01   7.7492879700807587e+05
   8.2700000000000003e+01   8.3228720086011465e+05
   8.2800000000000011e+01   8.8188596985564567e+05
   8.2900000000000006e+01   9.1424736473937763e+05
   8.3000000000000000e+01   9.2184845794587897e+05
   8.3100000000000009e+01   9.0351349609058537e+05
   8.3200000000000003e+01   8.6511130219951854e+05
   8.3300000000000011e+01   8.1582363966923638e+05
   8.3400000000000006e+01   7.6386964178720606e+05
   8.3500000000000000e+01   7.1462499746875081e+05
   8.3600000000000009e+01   6.7081954470690887e+05
   8.3700000000000003e+01   6.3344061685209011e+05
   8.3800000000000011e+01   6.0254195626988937e+05
   8.3900000000000006e+01   5.7776521400966076e+05
   8.4000000000000000e+01   5.5862601885694824e+05
   8.4100000000000009e+01   5.4465441879151599e+05
   8.4200000000000003e+01   5.3545621874438389e+05
   8.4300000000000011e+01   5.3073452303445176e+05
   8.4400000000000006e+01   5.3029212483264296e+05
   8.4500000000000000e+01   5.3402432890820201e+05
   8.4600000000000009e+01   5.4190532044425467e+05
   8.4700000000000003e+01   5.5396690061876329e+05
   8.4800000000000011e+01   5.7026473733758961e+05
   8.4900000000000006e+01   5.9082335396105063e+05
   8.5000000000000000e+01   6.1554690952146251e+05
   8.5100000000000009e+01   6.4408030070509831e+05
   8.5200000000000003e+01   6.7561023190609436e+05
   8.5300000000000011e+01   7.0862149940157426e+05
   8.5400000000000006e+01   7.4068718423394393e+05
   8.5500000000000000e+01   7.6847171454994124e+05
   8.5600000000000009e+01   7.8818800582872459e+05
   8.5700000000000003e+01   7.9660039594719000e+05
   8.5800000000000011e+01   7.9221836241012730e+05
   8.5900000000000006e+01   7.7593668191659509e+05
   8.6000000000000000e+01   7.5063793677609565e+05
   8.6100000000000009e+01   7.2006614189276309e+05
   8.6200000000000003e+01   6.8772505518075428e+05
   8.6300000000000011e+01   6.5628141853262123e+05
   8.6400000000000006e+01   6.2746901607247000e+05
   8.6500000000000000e+01   6.0226368058404652e+05
   8.6600000000000009e+01   5.8112718761605234e+05
   8.6700000000000003e+01   5.6421925238861341e+05
   8.6800000000000011e+01   5.5155073518550664e+05
   8.6900000000000006e+01   5.4308450685532670e+05
   8.7000000000000000e+01   5.3879925812194229e+05
   8.7100000000000009e+01   5.3873037600002624e+05
   8.7200000000000003e+01   5.4299832928331452e+05
   8.7300000000000011e+01   5.5183153872597066e+05
   8.7400000000000006e+01   5.6558797191722319e+05
   8.7500000000000000e+01   5.8477729050378571e+05
   8.7600000000000009e+01   6.1008231568840286e+05
   8.7700000000000003e+01   6.4237305434595048e+05
   8.7800000000000011e+01   6.8269501447267027e+05
   8.7900000000000006e+01   7.3218924764723575e+05
   8.8000000000000000e+01   7.9185307696540980e+05
   8.8100000000000009e+01   8.6196662126232265e+05
   8.8200000000000003e+01   9.4091594696584984e+05
   8.8300000000000011e+01   1.0232295684250366e+06
   8.8400000000000006e+01   1.0974885180568022e+06
   8.8500000000000000e+01   1.1468971733268190e+06
   8.8600000000000009e+01   1.1562424505767631e+06
   8.8700000000000003e+01   1.1224054717602003e+06
   8.8800000000000011e+01   1.0568912788638668e+06
   8.8900000000000006e+01   9.7704005445797998e+05
   8.9000000000000000e+01   8.9671422206062649e+05
   8.9100000000000009e+01   8.2353207338872238e+05
   8.9200000000000003e+01   7.6037412351055746e+05
   8.9300000000000011e+01   7.0755190472084726e+05
   8.9400000000000006e+01   6.6428507542662218e+05
   8.9500000000000000e+01   6.2947435247901722e+05
   8.9600000000000009e+01   6.0204594243141299e+05
   8.9700000000000003e+01   5.8108111761556834e+05
   8.9800000000000011e+01   5.6584988759092020e+05
   8.9900000000000006e+01   5.5580666787195345e+05
   9.0000000000000000e+01   5.5057397845420835e+05
   9.0100000000000009e+01   5.4992496301904391e+05
   9.0200000000000003e+01   5.5376846985023061e+05
   9.0300000000000011e+01   5.6213704456064629e+05
   9.0400000000000006e+01   5.7517611946092383e+05
   9.0500000000000000e+01   5.9313060954377637e+05
   9.0600000000000009e+01   6.1632201836772414e+05
   9.0700000000000003e+01   6.4510396450733091e+05
   9.0800000000000011e+01   6.7977571610390232e+05
   9.0900000000000006e+01   7.2042181052063871e+05
   9.1000000000000000e+01   7.6663551233654236e+05
   9.1100000000000009e+01   8.1709200138029968e+05
   9.1200000000000003e+01   8.6900678189598920e+05
   9.1300000000000011e+01   9.1770877387524839e+05
   9.1400000000000006e+01   9.5685877075170993e+05
   9.1500000000000000e+01   9.7991775005601184e+05
   9.1600000000000009e+01   9.8269999901629786e+05
   9.1700000000000003e+01   9.6543751445723209e+05
   9.1800000000000011e+01   9.3259940191646991e+05
   9.1900000000000006e+01   8.9065977168295765e+05
   9.2000000000000000e+01   8.4568338549059548e+05
   9.2100000000000009e+01   8.0207463343880209e+05
   9.2200000000000003e+01   7.6247120528884442e+05
   9.2300000000000011e+01   7.2817546894119028e+05
   9.2400000000000006e+01   6.9965687306425977e+05
   9.2500000000000000e+01   6.7693913457089174e+05
   9.2600000000000009e+01   6.5985018193697452e+05
   9.2700000000000003e+01   6.4816791565684590e+05
   9.2800000000000011e+01   6.4169931104638113e+05
   9.2900000000000006e+01   6.4032033225230395e+05
   9.3000000000000000e+01   6.4399336521146656e+05
   9.3100000000000009e+01   6.5277059711844544e+05
   9.3200000000000003e+01   6.6678552718188020e+05
   9.3300000000000011e+01   6.8622926307894755e+05
   9.3400000000000006e+01   7.1130206633277074e+05
   9.3500000000000000e+01   7.4212274481053185e+05
   9.3600000000000009e+01   7.7856935091309028e+05
   9.3700000000000003e+01   8.2001910532366764e+05
   9.3800000000000011e+01   8.6496949079805182e+05
   9.3900000000000006e+01   9.1059087479953119e+05
   9.4000000000000000e+01   9.5242588799803110e+05
   9.4100000000000009e+01   9.8467687966858526e+05
   9.4200000000000003e+01   1.0015331098486164e+06
   9.4300000000000011e+01   9.9934366259765590e+05
   9.4400000000000006e+01   9.7835415065071138e+05
   9.4500000000000000e+01   9.4259323162580212e+05
   9.4600000000000009e+01   8.9800319168393698e+05
   9.4700000000000003e+01   8.5030192661847163e+05
   9.4800000000000011e+01   8.0376905841075408e+05
   9.4900000000000006e+01   7.6104970916834567e+05
   9.5000000000000000e+01   7.2349601472968480e+05
   9.5100000000000009e+01   6.9162116609632014e+05
   9.5200000000000003e+01   6.6547124721418147e+05
   9.5300000000000011e+01   6.4487616075982107e+05
   9.5400000000000006e+01   6.2960216156304732e+05
   9.5500000000000000e+01   6.1943926133759576e+05
   9.5600000000000009e+01   6.1425040539994091e+05
   9.5700000000000003e+01   6.1400054733341979e+05
   9.5800000000000011e+01   6.1877691800077073e+05
   9.5900000000000006e+01   6.2880729787412996e+05
   9.6000000000000000e+01   6.4448024185772263e+05
   9.6100000000000009e+01   6.6636903073336172e+05
   9.6200000000000003e+01   6.9525847350824100e+05
   9.6300000000000011e+01   7.3216870870874391e+05
   9.6400000000000006e+01   7.7835927343433595e+05
   9.6500000000000000e+01   8.3527274192024954e+05
   9.6600000000000009e+01   9.0432687455775880e+05
   9.6700000000000003e+01   9.8636921187689493e+05
   9.6800000000000011e+01   1.0804720360705815e+06
   9.6900000000000006e+01   1.1817171771098457e+06
   9.7000000000000000e+01   1.2782946666083205e+06
   9.7100000000000009e+01   1.3506060015523562e+06
   9.7200000000000003e+01   1.3776291074910986e+06
   9.7300000000000011e+01   1.3504613948640989e+06
   9.7400000000000006e+01   1.2795643604390365e+06
   9.7500000000000000e+01   1.1861501680807825e+06
   9.7600000000000009e+01   1.0890383135554944e+06
   9.7700000000000003e+01   9.9925224127102876e+05
   9.7800000000000011e+01   9.2128687644205347e+05
   9.7900000000000006e+01   8.5594377096796280e+05
   9.8000000000000000e+01   8.0240253052572813e+05
   9.8100000000000009e+01   7.5933055646430829e+05
   9.8200000000000003e+01   7.2538284195474884e+05
   9.8300000000000011e+01   6.9939241926117300e+05
   9.8400000000000006e+01   6.8042212001648301e+05
   9.8500000000000000e+01   6.6776075109436235e+05
   9.8600000000000009e+01   6.6090073819154501e+05
   9.8700000000000003e+01   6.5951229140605067e+05
   9.8800000000000011e+01   6.6341896601274039e+05
   9.8900000000000006e+01   6.7257454518318409e+05
   9.9000000000000000e+01   6.8703814084060525e+05
   9.9100000000000009e+01   7.0694154024222854e+05
   9.9200000000000003e+01   7.3243907581415516e+05
   9.9300000000000011e+01   7.6362514107075857e+05
   9.9400000000000006e+01   8.0039851459890115e+05
   9.9500000000000000e+01   8.4224957225505111e+05
   9.9600000000000009e+01   8.8795701384728996e+05
   9.9700000000000003e+01   9.3522700200584403e+05
   9.9800000000000011e+01   9.8041629571129312e+05
   9.9900000000000006e+01   1.0186374123894789e+06
   1.0000000000000000e+02   1.0445977404224069e+06
