ARMA_MAT_TXT_FN008
50 2
   4.1999999999999998e-01   7.8000000000000003e-01
   4.2081632653061224e-01   6.6000000000000003e-01
   4.2163265306122449e-01   6.6000000000000003e-01
   4.2244897959183675e-01   6.5000000000000002e-01
   4.2326530612244895e-01   8.4999999999999998e-01
   4.2408163265306120e-01   5.7999999999999996e-01
   4.2489795918367346e-01   6.8999999999999995e-01
   4.2571428571428571e-01   5.8999999999999997e-01
   4.2653061224489797e-01   6.0999999999999999e-01
   4.2734693877551022e-01   7.2999999999999998e-01
   4.2816326530612242e-01   5.6000000000000005e-01
   4.2897959183673467e-01   4.6000000000000002e-01
   4.2979591836734693e-01   5.4000000000000004e-01
   4.3061224489795918e-01   5.1000000000000001e-01
   4.3142857142857144e-01   4.4000000000000000e-01
   4.3224489795918369e-01   5.6999999999999995e-01
   4.3306122448979589e-01   5.6999999999999995e-01
   4.3387755102040815e-01   4.8999999999999999e-01
   4.3469387755102040e-01   5.1000000000000001e-01
   4.3551020408163266e-01   4.7999999999999998e-01
   4.3632653061224491e-01   5.2000000000000002e-01
   4.3714285714285717e-01   4.6999999999999997e-01
   4.3795918367346937e-01   5.1000000000000001e-01
   4.3877551020408162e-01   4.2999999999999999e-01
   4.3959183673469387e-01   4.1999999999999998e-01
   4.4040816326530613e-01   4.5000000000000001e-01
   4.4122448979591838e-01   4.0999999999999998e-01
   4.4204081632653064e-01   4.4000000000000000e-01
   4.4285714285714284e-01   3.5999999999999999e-01
   4.4367346938775509e-01   3.9000000000000001e-01
   4.4448979591836735e-01   4.0000000000000002e-01
   4.4530612244897960e-01   4.1999999999999998e-01
   4.4612244897959186e-01   4.0999999999999998e-01
   4.4693877551020411e-01   3.7000000000000000e-01
   4.4775510204081631e-01   3.4000000000000002e-01
   4.4857142857142857e-01   3.4999999999999998e-01
   4.4938775510204082e-01   3.4000000000000002e-01
   4.5020408163265307e-01   3.2000000000000001e-01
   4.5102040816326533e-01   4.0000000000000002e-01
   4.5183673469387758e-01   3.8000000000000000e-01
   4.5265306122448978e-01   3.4000000000000002e-01
   4.5346938775510204e-01   2.8000000000000003e-01
   4.5428571428571429e-01   3.5999999999999999e-01
   4.5510204081632655e-01   3.7000000000000000e-01
   4.5591836734693880e-01   3.7000000000000000e-01
   4.5673469387755106e-01   3.5999999999999999e-01
   4.5755102040816331e-01   3.9000000000000001e-01
   4.5836734693877551e-01   3.3000000000000002e-01
   4.5918367346938777e-01   2.9999999999999999e-01
   4.6000000000000002e-01   2.8999999999999998e-01
