ARMA_MAT_TXT_FN008
150 2
   2.0000000000000001e-01   9.6999999999999997e-01
   2.1543624161073827e-01   9.8999999999999999e-01
   2.3087248322147652e-01   1.0000000000000000e-02
   2.4630872483221478e-01   1.0000000000000000e-02
   2.6174496644295303e-01   2.0000000000000000e-02
   2.7718120805369129e-01   2.0000000000000000e-02
   2.9261744966442954e-01   2.0000000000000000e-02
   3.0805369127516780e-01   2.0000000000000000e-02
   3.2348993288590605e-01   2.9999999999999999e-02
   3.3892617449664431e-01   4.0000000000000001e-02
   3.5436241610738251e-01   1.2000000000000000e-01
   3.6979865771812082e-01   1.0000000000000000e+00
   3.8523489932885902e-01   1.0000000000000000e+00
   4.0067114093959733e-01   1.0000000000000000e+00
   4.1610738255033553e-01   1.0000000000000000e+00
   4.3154362416107384e-01   1.0000000000000000e+00
   4.4697986577181203e-01   1.0000000000000000e+00
   4.6241610738255029e-01   1.0000000000000000e+00
   4.7785234899328854e-01   1.0000000000000000e+00
   4.9328859060402680e-01   1.0000000000000000e+00
   5.0872483221476505e-01   9.8999999999999999e-01
   5.2416107382550337e-01   5.2000000000000002e-01
   5.3959731543624156e-01   3.4999999999999998e-01
   5.5503355704697976e-01   2.3999999999999999e-01
   5.7046979865771807e-01   1.9000000000000000e-01
   5.8590604026845639e-01   1.3000000000000000e-01
   6.0134228187919458e-01   1.1000000000000000e-01
   6.1677852348993278e-01   1.1000000000000000e-01
   6.3221476510067109e-01   1.0000000000000001e-01
   6.4765100671140940e-01   1.0000000000000001e-01
   6.6308724832214760e-01   1.0000000000000001e-01
   6.7852348993288580e-01   8.9999999999999997e-02
   6.9395973154362411e-01   8.0000000000000002e-02
   7.0939597315436242e-01   8.0000000000000002e-02
   7.2483221476510051e-01   8.0000000000000002e-02
   7.4026845637583882e-01   8.0000000000000002e-02
   7.5570469798657713e-01   7.0000000000000007e-02
   7.7114093959731544e-01   7.0000000000000007e-02
   7.8657718120805353e-01   4.0000000000000001e-02
   8.0201342281879184e-01   4.0000000000000001e-02
   8.1744966442953015e-01   4.0000000000000001e-02
   8.3288590604026846e-01   4.0000000000000001e-02
   8.4832214765100655e-01   4.0000000000000001e-02
   8.6375838926174486e-01   4.0000000000000001e-02
   8.7919463087248317e-01   4.0000000000000001e-02
   8.9463087248322148e-01   4.0000000000000001e-02
   9.1006711409395957e-01   4.0000000000000001e-02
   9.2550335570469788e-01   4.0000000000000001e-02
   9.4093959731543619e-01   4.0000000000000001e-02
   9.5637583892617450e-01   4.0000000000000001e-02
   9.7181208053691259e-01   4.0000000000000001e-02
   9.8724832214765090e-01   4.0000000000000001e-02
   1.0026845637583892e+00   4.0000000000000001e-02
   1.0181208053691275e+00   4.0000000000000001e-02
   1.0335570469798656e+00   4.0000000000000001e-02
   1.0489932885906039e+00   4.0000000000000001e-02
   1.0644295302013422e+00   4.0000000000000001e-02
   1.0798657718120805e+00   4.0000000000000001e-02
   1.0953020134228186e+00   4.0000000000000001e-02
   1.1107382550335569e+00   4.0000000000000001e-02
   1.1261744966442953e+00   4.0000000000000001e-02
   1.1416107382550336e+00   4.0000000000000001e-02
   1.1570469798657717e+00   4.0000000000000001e-02
   1.1724832214765100e+00   4.0000000000000001e-02
   1.1879194630872483e+00   4.0000000000000001e-02
   1.2033557046979864e+00   4.0000000000000001e-02
   1.2187919463087247e+00   4.0000000000000001e-02
   1.2342281879194630e+00   4.0000000000000001e-02
   1.2496644295302011e+00   4.0000000000000001e-02
   1.2651006711409394e+00   4.0000000000000001e-02
   1.2805369127516777e+00   4.0000000000000001e-02
   1.2959731543624160e+00   2.9999999999999999e-02
   1.3114093959731541e+00   2.9999999999999999e-02
   1.3268456375838924e+00   2.9999999999999999e-02
   1.3422818791946307e+00   2.9999999999999999e-02
   1.3577181208053690e+00   2.9999999999999999e-02
   1.3731543624161071e+00   2.9999999999999999e-02
   1.3885906040268454e+00   2.9999999999999999e-02
   1.4040268456375837e+00   2.9999999999999999e-02
   1.4194630872483220e+00   2.9999999999999999e-02
   1.4348993288590601e+00   2.9999999999999999e-02
   1.4503355704697984e+00   2.9999999999999999e-02
   1.4657718120805368e+00   2.9999999999999999e-02
   1.4812080536912751e+00   2.9999999999999999e-02
   1.4966442953020132e+00   2.9999999999999999e-02
   1.5120805369127515e+00   2.9999999999999999e-02
   1.5275167785234898e+00   2.9999999999999999e-02
   1.5429530201342281e+00   2.9999999999999999e-02
   1.5583892617449662e+00   2.9999999999999999e-02
   1.5738255033557045e+00   2.9999999999999999e-02
   1.5892617449664428e+00   2.9999999999999999e-02
   1.6046979865771811e+00   2.9999999999999999e-02
   1.6201342281879192e+00   2.9999999999999999e-02
   1.6355704697986575e+00   2.9999999999999999e-02
   1.6510067114093958e+00   2.9999999999999999e-02
   1.6664429530201341e+00   2.9999999999999999e-02
   1.6818791946308722e+00   2.9999999999999999e-02
   1.6973154362416105e+00   2.9999999999999999e-02
   1.7127516778523488e+00   2.9999999999999999e-02
   1.7281879194630869e+00   2.9999999999999999e-02
   1.7436241610738252e+00   2.9999999999999999e-02
   1.7590604026845635e+00   2.9999999999999999e-02
   1.7744966442953019e+00   2.9999999999999999e-02
   1.7899328859060399e+00   2.9999999999999999e-02
   1.8053691275167782e+00   2.9999999999999999e-02
   1.8208053691275166e+00   2.9999999999999999e-02
   1.8362416107382549e+00   2.9999999999999999e-02
   1.8516778523489930e+00   2.9999999999999999e-02
   1.8671140939597313e+00   2.9999999999999999e-02
   1.8825503355704696e+00   2.9999999999999999e-02
   1.8979865771812079e+00   2.9999999999999999e-02
   1.9134228187919460e+00   2.9999999999999999e-02
   1.9288590604026843e+00   2.9999999999999999e-02
   1.9442953020134226e+00   2.9999999999999999e-02
   1.9597315436241609e+00   2.9999999999999999e-02
   1.9751677852348990e+00   2.9999999999999999e-02
   1.9906040268456373e+00   2.9999999999999999e-02
   2.0060402684563758e+00   2.9999999999999999e-02
   2.0214765100671142e+00   2.9999999999999999e-02
   2.0369127516778520e+00   2.9999999999999999e-02
   2.0523489932885903e+00   2.9999999999999999e-02
   2.0677852348993286e+00   2.9999999999999999e-02
   2.0832214765100669e+00   2.9999999999999999e-02
   2.0986577181208053e+00   2.9999999999999999e-02
   2.1140939597315436e+00   2.9999999999999999e-02
   2.1295302013422819e+00   2.9999999999999999e-02
   2.1449664429530202e+00   2.9999999999999999e-02
   2.1604026845637581e+00   2.9999999999999999e-02
   2.1758389261744964e+00   2.9999999999999999e-02
   2.1912751677852347e+00   2.9999999999999999e-02
   2.2067114093959730e+00   2.9999999999999999e-02
   2.2221476510067113e+00   2.9999999999999999e-02
   2.2375838926174496e+00   2.9999999999999999e-02
   2.2530201342281879e+00   2.9999999999999999e-02
   2.2684563758389262e+00   2.9999999999999999e-02
   2.2838926174496645e+00   2.9999999999999999e-02
   2.2993288590604024e+00   2.9999999999999999e-02
   2.3147651006711407e+00   2.9999999999999999e-02
   2.3302013422818790e+00   2.9999999999999999e-02
   2.3456375838926173e+00   2.9999999999999999e-02
   2.3610738255033556e+00   2.9999999999999999e-02
   2.3765100671140940e+00   2.9999999999999999e-02
   2.3919463087248323e+00   2.5000000000000000e-01
   2.4073825503355706e+00   2.9999999999999999e-02
   2.4228187919463084e+00   2.9999999999999999e-02
   2.4382550335570468e+00   2.9999999999999999e-02
   2.4536912751677851e+00   2.9999999999999999e-02
   2.4691275167785234e+00   2.9999999999999999e-02
   2.4845637583892617e+00   2.9999999999999999e-02
   2.5000000000000000e+00   2.9999999999999999e-02
