ARMA_MAT_TXT_FN008
150 2
   4.0000000000000002e-01   0.0000000000000000e+00
   4.0046979865771815e-01   0.0000000000000000e+00
   4.0093959731543627e-01   0.0000000000000000e+00
   4.0140939597315439e-01   0.0000000000000000e+00
   4.0187919463087252e-01   0.0000000000000000e+00
   4.0234899328859064e-01   0.0000000000000000e+00
   4.0281879194630876e-01   0.0000000000000000e+00
   4.0328859060402689e-01   0.0000000000000000e+00
   4.0375838926174501e-01   0.0000000000000000e+00
   4.0422818791946313e-01   0.0000000000000000e+00
   4.0469798657718120e-01   0.0000000000000000e+00
   4.0516778523489932e-01   0.0000000000000000e+00
   4.0563758389261745e-01   0.0000000000000000e+00
   4.0610738255033557e-01   0.0000000000000000e+00
   4.0657718120805370e-01   0.0000000000000000e+00
   4.0704697986577182e-01   0.0000000000000000e+00
   4.0751677852348994e-01   0.0000000000000000e+00
   4.0798657718120807e-01   0.0000000000000000e+00
   4.0845637583892619e-01   0.0000000000000000e+00
   4.0892617449664431e-01   0.0000000000000000e+00
   4.0939597315436244e-01   0.0000000000000000e+00
   4.0986577181208056e-01   0.0000000000000000e+00
   4.1033557046979868e-01   0.0000000000000000e+00
   4.1080536912751681e-01   0.0000000000000000e+00
   4.1127516778523493e-01   0.0000000000000000e+00
   4.1174496644295305e-01   0.0000000000000000e+00
   4.1221476510067118e-01   0.0000000000000000e+00
   4.1268456375838930e-01   0.0000000000000000e+00
   4.1315436241610737e-01   0.0000000000000000e+00
   4.1362416107382549e-01   0.0000000000000000e+00
   4.1409395973154361e-01   0.0000000000000000e+00
   4.1456375838926174e-01   0.0000000000000000e+00
   4.1503355704697986e-01   0.0000000000000000e+00
   4.1550335570469799e-01   0.0000000000000000e+00
   4.1597315436241611e-01   0.0000000000000000e+00
   4.1644295302013423e-01   0.0000000000000000e+00
   4.1691275167785236e-01   0.0000000000000000e+00
   4.1738255033557048e-01   0.0000000000000000e+00
   4.1785234899328860e-01   0.0000000000000000e+00
   4.1832214765100673e-01   0.0000000000000000e+00
   4.1879194630872485e-01   0.0000000000000000e+00
   4.1926174496644297e-01   0.0000000000000000e+00
   4.1973154362416110e-01   0.0000000000000000e+00
   4.2020134228187922e-01   0.0000000000000000e+00
   4.2067114093959734e-01   0.0000000000000000e+00
   4.2114093959731547e-01   0.0000000000000000e+00
   4.2161073825503359e-01   0.0000000000000000e+00
   4.2208053691275171e-01   0.0000000000000000e+00
   4.2255033557046978e-01   0.0000000000000000e+00
   4.2302013422818791e-01   1.0000000000000000e-02
   4.2348993288590603e-01   1.0000000000000000e-02
   4.2395973154362415e-01   1.0000000000000000e-02
   4.2442953020134228e-01   1.0000000000000000e-02
   4.2489932885906040e-01   1.0000000000000000e-02
   4.2536912751677852e-01   1.0000000000000000e-02
   4.2583892617449665e-01   1.0000000000000000e-02
   4.2630872483221477e-01   2.0000000000000000e-02
   4.2677852348993289e-01   2.9999999999999999e-02
   4.2724832214765102e-01   2.9999999999999999e-02
   4.2771812080536914e-01   2.9999999999999999e-02
   4.2818791946308726e-01   5.9999999999999998e-02
   4.2865771812080539e-01   8.0000000000000002e-02
   4.2912751677852351e-01   8.9999999999999997e-02
   4.2959731543624163e-01   8.9999999999999997e-02
   4.3006711409395976e-01   1.7000000000000001e-01
   4.3053691275167782e-01   3.1000000000000000e-01
   4.3100671140939595e-01   6.3000000000000000e-01
   4.3147651006711407e-01   8.5999999999999999e-01
   4.3194630872483220e-01   9.5999999999999996e-01
   4.3241610738255032e-01   1.0000000000000000e+00
   4.3288590604026844e-01   9.7999999999999998e-01
   4.3335570469798657e-01   1.0000000000000000e+00
   4.3382550335570469e-01   9.8999999999999999e-01
   4.3429530201342281e-01   9.8999999999999999e-01
   4.3476510067114094e-01   1.0000000000000000e+00
   4.3523489932885906e-01   1.0000000000000000e+00
   4.3570469798657718e-01   1.0000000000000000e+00
   4.3617449664429531e-01   1.0000000000000000e+00
   4.3664429530201343e-01   1.0000000000000000e+00
   4.3711409395973155e-01   9.8999999999999999e-01
   4.3758389261744968e-01   1.0000000000000000e+00
   4.3805369127516780e-01   1.0000000000000000e+00
   4.3852348993288592e-01   1.0000000000000000e+00
   4.3899328859060405e-01   1.0000000000000000e+00
   4.3946308724832217e-01   1.0000000000000000e+00
   4.3993288590604024e-01   1.0000000000000000e+00
   4.4040268456375836e-01   1.0000000000000000e+00
   4.4087248322147649e-01   1.0000000000000000e+00
   4.4134228187919461e-01   1.0000000000000000e+00
   4.4181208053691273e-01   1.0000000000000000e+00
   4.4228187919463086e-01   1.0000000000000000e+00
   4.4275167785234898e-01   1.0000000000000000e+00
   4.4322147651006710e-01   1.0000000000000000e+00
   4.4369127516778523e-01   1.0000000000000000e+00
   4.4416107382550335e-01   1.0000000000000000e+00
   4.4463087248322147e-01   1.0000000000000000e+00
   4.4510067114093960e-01   1.0000000000000000e+00
   4.4557046979865772e-01   1.0000000000000000e+00
   4.4604026845637584e-01   1.0000000000000000e+00
   4.4651006711409397e-01   1.0000000000000000e+00
   4.4697986577181209e-01   1.0000000000000000e+00
   4.4744966442953021e-01   1.0000000000000000e+00
   4.4791946308724828e-01   1.0000000000000000e+00
   4.4838926174496641e-01   1.0000000000000000e+00
   4.4885906040268453e-01   1.0000000000000000e+00
   4.4932885906040265e-01   1.0000000000000000e+00
   4.4979865771812078e-01   1.0000000000000000e+00
   4.5026845637583890e-01   1.0000000000000000e+00
   4.5073825503355702e-01   1.0000000000000000e+00
   4.5120805369127515e-01   1.0000000000000000e+00
   4.5167785234899327e-01   1.0000000000000000e+00
   4.5214765100671139e-01   1.0000000000000000e+00
   4.5261744966442952e-01   1.0000000000000000e+00
   4.5308724832214764e-01   1.0000000000000000e+00
   4.5355704697986576e-01   1.0000000000000000e+00
   4.5402684563758389e-01   9.8999999999999999e-01
   4.5449664429530201e-01   9.6999999999999997e-01
   4.5496644295302013e-01   9.8999999999999999e-01
   4.5543624161073826e-01   9.4999999999999996e-01
   4.5590604026845638e-01   9.0000000000000002e-01
   4.5637583892617450e-01   8.3999999999999997e-01
   4.5684563758389263e-01   5.1000000000000001e-01
   4.5731543624161075e-01   2.3999999999999999e-01
   4.5778523489932882e-01   1.1000000000000000e-01
   4.5825503355704694e-01   8.0000000000000002e-02
   4.5872483221476507e-01   4.0000000000000001e-02
   4.5919463087248319e-01   2.9999999999999999e-02
   4.5966442953020131e-01   2.9999999999999999e-02
   4.6013422818791944e-01   2.0000000000000000e-02
   4.6060402684563756e-01   2.0000000000000000e-02
   4.6107382550335568e-01   0.0000000000000000e+00
   4.6154362416107381e-01   0.0000000000000000e+00
   4.6201342281879193e-01   0.0000000000000000e+00
   4.6248322147651005e-01   0.0000000000000000e+00
   4.6295302013422818e-01   0.0000000000000000e+00
   4.6342281879194630e-01   0.0000000000000000e+00
   4.6389261744966442e-01   0.0000000000000000e+00
   4.6436241610738255e-01   0.0000000000000000e+00
   4.6483221476510062e-01   0.0000000000000000e+00
   4.6530201342281874e-01   0.0000000000000000e+00
   4.6577181208053686e-01   0.0000000000000000e+00
   4.6624161073825499e-01   0.0000000000000000e+00
   4.6671140939597311e-01   0.0000000000000000e+00
   4.6718120805369123e-01   0.0000000000000000e+00
   4.6765100671140936e-01   0.0000000000000000e+00
   4.6812080536912748e-01   0.0000000000000000e+00
   4.6859060402684560e-01   0.0000000000000000e+00
   4.6906040268456373e-01   0.0000000000000000e+00
   4.6953020134228185e-01   0.0000000000000000e+00
   4.6999999999999997e-01   0.0000000000000000e+00
