ARMA_MAT_TXT_FN008
1001 2
   0.0000000000000000e+00   0.0000000000000000e+00
   1.0000000000000001e-01   1.9016668308298199e-06
   2.0000000000000001e-01   3.7192197772469096e-06
   3.0000000000000004e-01   5.3923934716672197e-06
   4.0000000000000002e-01   6.8957836919802504e-06
   5.0000000000000000e-01   8.2351901958863722e-06
   6.0000000000000009e-01   9.4365236287293563e-06
   7.0000000000000007e-01   1.0534898731645473e-05
   8.0000000000000004e-01   1.1567379443956430e-05
   9.0000000000000002e-01   1.2569450759453053e-05
   1.0000000000000000e+00   1.3574039336221105e-05
   1.1000000000000001e+00   1.4611938667898964e-05
   1.2000000000000002e+00   1.5712900270614084e-05
   1.3000000000000000e+00   1.6907015360166260e-05
   1.4000000000000001e+00   1.8226242293620634e-05
   1.5000000000000000e+00   1.9706057035599538e-05
   1.6000000000000001e+00   2.1387252561824082e-05
   1.7000000000000002e+00   2.3317903519346004e-05
   1.8000000000000000e+00   2.5555427565321220e-05
   1.9000000000000001e+00   2.8168447673547472e-05
   2.0000000000000000e+00   3.1237634577852999e-05
   2.1000000000000001e+00   3.4853570304491084e-05
   2.2000000000000002e+00   3.9107374693522232e-05
   2.3000000000000003e+00   4.4065744723262725e-05
   2.4000000000000004e+00   4.9716746585806899e-05
   2.5000000000000000e+00   5.5872818132868530e-05
   2.6000000000000001e+00   6.2045463054818657e-05
   2.7000000000000002e+00   6.7393751182802969e-05
   2.8000000000000003e+00   7.0940677485875148e-05
   2.9000000000000004e+00   7.2086993704466694e-05
   3.0000000000000000e+00   7.0992653053524819e-05
   3.1000000000000001e+00   6.8400045566400407e-05
   3.2000000000000002e+00   6.5145592148958679e-05
   3.3000000000000003e+00   6.1842557624260089e-05
   3.4000000000000004e+00   5.8834894386781324e-05
   3.5000000000000000e+00   5.6274440054935129e-05
   3.6000000000000001e+00   5.4205665583119286e-05
   3.7000000000000002e+00   5.2622901198027003e-05
   3.8000000000000003e+00   5.1502225597043375e-05
   3.9000000000000004e+00   5.0817454064900369e-05
   4.0000000000000000e+00   5.0547585092816010e-05
   4.1000000000000005e+00   5.0680073804409391e-05
   4.2000000000000002e+00   5.1212256293135535e-05
   4.2999999999999998e+00   5.2152095192611360e-05
   4.4000000000000004e+00   5.3518810295898181e-05
   4.5000000000000000e+00   5.5343636167518243e-05
   4.6000000000000005e+00   5.7670746372648007e-05
   4.7000000000000002e+00   6.0558188453112367e-05
   4.8000000000000007e+00   6.4078378240318846e-05
   4.9000000000000004e+00   6.8317162296068284e-05
   5.0000000000000000e+00   7.3369450521991588e-05
   5.1000000000000005e+00   7.9327634439734412e-05
   5.2000000000000002e+00   8.6256190852137854e-05
   5.3000000000000007e+00   9.4142575056814309e-05
   5.4000000000000004e+00   1.0281430792608091e-04
   5.5000000000000000e+00   1.1182588055897243e-04
   5.6000000000000005e+00   1.2036507814318141e-04
   5.7000000000000002e+00   1.2730391940508806e-04
   5.8000000000000007e+00   1.3152764203626981e-04
   5.9000000000000004e+00   1.3245443187145066e-04
   6.0000000000000000e+00   1.3034382438449968e-04
   6.1000000000000005e+00   1.2610132702599736e-04
   6.2000000000000002e+00   1.2079629348613969e-04
   6.3000000000000007e+00   1.1529699017567038e-04
   6.4000000000000004e+00   1.1016106822640398e-04
   6.5000000000000000e+00   1.0568523926935468e-04
   6.6000000000000005e+00   1.0199647853508969e-04
   6.7000000000000002e+00   9.9128377960127568e-05
   6.8000000000000007e+00   9.7071202873043024e-05
   6.9000000000000004e+00   9.5800889295926880e-05
   7.0000000000000000e+00   9.5294587287923858e-05
   7.1000000000000005e+00   9.5538471705092757e-05
   7.2000000000000002e+00   9.6531315469733142e-05
   7.3000000000000007e+00   9.8285671787845674e-05
   7.4000000000000004e+00   1.0082739273088231e-04
   7.5000000000000000e+00   1.0419337512629819e-04
   7.6000000000000005e+00   1.0842663411708470e-04
   7.7000000000000002e+00   1.1356687986042837e-04
   7.8000000000000007e+00   1.1963365176507585e-04
   7.9000000000000004e+00   1.2659801892902313e-04
   8.0000000000000000e+00   1.3433901384444645e-04
   8.0999999999999996e+00   1.4258517264900932e-04
   8.2000000000000011e+00   1.5085460827379729e-04
   8.3000000000000007e+00   1.5843169205730101e-04
   8.4000000000000004e+00   1.6444186701971205e-04
   8.5000000000000000e+00   1.6806623658046157e-04
   8.5999999999999996e+00   1.6883618963331454e-04
   8.7000000000000011e+00   1.6683062226941723e-04
   8.8000000000000007e+00   1.6262741199027619e-04
   8.9000000000000004e+00   1.5705344130298042e-04
   9.0000000000000000e+00   1.5091509868794803e-04
   9.0999999999999996e+00   1.4484172150434994e-04
   9.2000000000000011e+00   1.3925191344789226e-04
   9.3000000000000007e+00   1.3438925213703510e-04
   9.4000000000000004e+00   1.3037732982736769e-04
   9.5000000000000000e+00   1.2726859838755030e-04
   9.6000000000000014e+00   1.2507991695899655e-04
   9.7000000000000011e+00   1.2381606574771650e-04
   9.8000000000000007e+00   1.2348473920746392e-04
   9.9000000000000004e+00   1.2410630757656236e-04
   1.0000000000000000e+01   1.2572079648675045e-04
   1.0100000000000001e+01   1.2839375633036225e-04
   1.0200000000000001e+01   1.3222211309080683e-04
   1.0300000000000001e+01   1.3734063854420409e-04
   1.0400000000000000e+01   1.4392917072498105e-04
   1.0500000000000000e+01   1.5221982629344788e-04
   1.0600000000000001e+01   1.6250151871439439e-04
   1.0700000000000001e+01   1.7511477554563195e-04
   1.0800000000000001e+01   1.9042048501420047e-04
   1.0900000000000000e+01   2.0870754083008892e-04
   1.1000000000000000e+01   2.2997379062266674e-04
   1.1100000000000001e+01   2.5349052428261113e-04
   1.1200000000000001e+01   2.7714182999448851e-04
   1.1300000000000001e+01   2.9694796141899708e-04
   1.1400000000000000e+01   3.0789980863693398e-04
   1.1500000000000000e+01   3.0677130929029353e-04
   1.1600000000000001e+01   2.9461721501967280e-04
   1.1700000000000001e+01   2.7580280105660919e-04
   1.1800000000000001e+01   2.5492732373380626e-04
   1.1900000000000000e+01   2.3500413522574304e-04
   1.2000000000000000e+01   2.1743119097438385e-04
   1.2100000000000001e+01   2.0260350893501109e-04
   1.2200000000000001e+01   1.9043958714702732e-04
   1.2300000000000001e+01   1.8068421958052821e-04
   1.2400000000000000e+01   1.7305225543673444e-04
   1.2500000000000000e+01   1.6728741033536303e-04
   1.2600000000000001e+01   1.6318157522727167e-04
   1.2700000000000001e+01   1.6057761170903105e-04
   1.2800000000000001e+01   1.5936620659082941e-04
   1.2900000000000000e+01   1.5948129511513407e-04
   1.3000000000000000e+01   1.6089574428145671e-04
   1.3100000000000001e+01   1.6361765955049992e-04
   1.3200000000000001e+01   1.6768694177388507e-04
   1.3300000000000001e+01   1.7317109796699339e-04
   1.3400000000000000e+01   1.8015848738581875e-04
   1.3500000000000000e+01   1.8874589780269074e-04
   1.3600000000000001e+01   1.9901538035947607e-04
   1.3700000000000001e+01   2.1099269420215316e-04
   1.3800000000000001e+01   2.2457764368313010e-04
   1.3900000000000000e+01   2.3943893650753859e-04
   1.4000000000000000e+01   2.5488201099927018e-04
   1.4100000000000001e+01   2.6974019167503010e-04
   1.4200000000000001e+01   2.8240445759094706e-04
   1.4300000000000001e+01   2.9113162091238127e-04
   1.4400000000000000e+01   2.9463012740683090e-04
   1.4500000000000000e+01   2.9262141978494906e-04
   1.4600000000000001e+01   2.8595227773689475e-04
   1.4700000000000001e+01   2.7617277830810800e-04
   1.4800000000000001e+01   2.6493201953277753e-04
   1.4900000000000000e+01   2.5356650421043701e-04
   1.5000000000000000e+01   2.4297558468423482e-04
   1.5100000000000001e+01   2.3367894902759947e-04
   1.5200000000000001e+01   2.2593249972770288e-04
   1.5300000000000001e+01   2.1983492276765089e-04
   1.5400000000000000e+01   2.1540473310745017e-04
   1.5500000000000000e+01   2.1262969563450569e-04
   1.5600000000000001e+01   2.1149645282194504e-04
   1.5700000000000001e+01   2.1200758549713700e-04
   1.5800000000000001e+01   2.1419109706240306e-04
   1.5900000000000000e+01   2.1810513577056446e-04
   1.6000000000000000e+01   2.2383891352640155e-04
   1.6100000000000001e+01   2.3150898009666402e-04
   1.6199999999999999e+01   2.4124781320564775e-04
   1.6300000000000001e+01   2.5317856295323915e-04
   1.6400000000000002e+01   2.6736540153786078e-04
   1.6500000000000000e+01   2.8372404796418352e-04
   1.6600000000000001e+01   3.0187615290100449e-04
   1.6699999999999999e+01   3.2094758910091776e-04
   1.6800000000000001e+01   3.3936909222350673e-04
   1.6900000000000002e+01   3.5485159044848020e-04
   1.7000000000000000e+01   3.6479561442489541e-04
   1.7100000000000001e+01   3.6721283744000103e-04
   1.7199999999999999e+01   3.6168974764023233e-04
   1.7300000000000001e+01   3.4960364362023359e-04
   1.7400000000000002e+01   3.3339227278679804e-04
   1.7500000000000000e+01   3.1553220853004668e-04
   1.7600000000000001e+01   2.9790476231965156e-04
   1.7699999999999999e+01   2.8166716824583050e-04
   1.7800000000000001e+01   2.6740080002064716e-04
   1.7900000000000002e+01   2.5531843388774462e-04
   1.8000000000000000e+01   2.4543193627923470e-04
   1.8100000000000001e+01   2.3766245311036301e-04
   1.8199999999999999e+01   2.3190515330021345e-04
   1.8300000000000001e+01   2.2806479773529331e-04
   1.8400000000000002e+01   2.2607466118506743e-04
   1.8500000000000000e+01   2.2590689103178040e-04
   1.8600000000000001e+01   2.2757913337994096e-04
   1.8699999999999999e+01   2.3116022287864970e-04
   1.8800000000000001e+01   2.3677651918913858e-04
   1.8900000000000002e+01   2.4461966661918185e-04
   1.9000000000000000e+01   2.5495574774594271e-04
   1.9100000000000001e+01   2.6813445763984459e-04
   1.9200000000000003e+01   2.8459409042519532e-04
   1.9300000000000001e+01   3.0485193541140456e-04
   1.9400000000000002e+01   3.2945658542770365e-04
   1.9500000000000000e+01   3.5885312606065791e-04
   1.9600000000000001e+01   3.9307077529243293e-04
   1.9700000000000003e+01   4.3110720722244370e-04
   1.9800000000000001e+01   4.6997382195556437e-04
   1.9900000000000002e+01   5.0387728104203373e-04
   2.0000000000000000e+01   5.2501750336528816e-04
   2.0100000000000001e+01   5.2733651342700869e-04
   2.0200000000000003e+01   5.1085326415860278e-04
   2.0300000000000001e+01   4.8154627112660772e-04
   2.0400000000000002e+01   4.4699821541216227e-04
   2.0500000000000000e+01   4.1283284599146218e-04
   2.0600000000000001e+01   3.8200735205290220e-04
   2.0700000000000003e+01   3.5559389462370581e-04
   2.0800000000000001e+01   3.3367306305627579e-04
   2.0900000000000002e+01   3.1591191298644821e-04
   2.1000000000000000e+01   3.0186172450433072e-04
   2.1100000000000001e+01   2.9109042982760616e-04
   2.1200000000000003e+01   2.8323260433316865e-04
   2.1300000000000001e+01   2.7800241971324844e-04
   2.1400000000000002e+01   2.7519159362467669e-04
   2.1500000000000000e+01   2.7466217238867637e-04
   2.1600000000000001e+01   2.7633801572936388e-04
   2.1700000000000003e+01   2.8019589818233543e-04
   2.1800000000000001e+01   2.8625545124013788e-04
   2.1900000000000002e+01   2.9456581136391973e-04
   2.2000000000000000e+01   3.0518529043370229e-04
   2.2100000000000001e+01   3.1814840671569983e-04
   2.2200000000000003e+01   3.3341243946584452e-04
   2.2300000000000001e+01   3.5077470283735688e-04
   2.2400000000000002e+01   3.6975592659152788e-04
   2.2500000000000000e+01   3.8946236228044152e-04
   2.2600000000000001e+01   4.0847872795699448e-04
   2.2700000000000003e+01   4.2490053062370337e-04
   2.2800000000000001e+01   4.3663581745569569e-04
   2.2900000000000002e+01   4.4199447946275034e-04
   2.3000000000000000e+01   4.4032287792196358e-04
   2.3100000000000001e+01   4.3227268855650384e-04
   2.3200000000000003e+01   4.1950473891768942e-04
   2.3300000000000001e+01   4.0405859192035062e-04
   2.3400000000000002e+01   3.8779068835378077e-04
   2.3500000000000000e+01   3.7209557519960119e-04
   2.3600000000000001e+01   3.5787942824765855e-04
   2.3700000000000003e+01   3.4566075231045386e-04
   2.3800000000000001e+01   3.3569864456625182e-04
   2.3900000000000002e+01   3.2810173384530844e-04
   2.4000000000000000e+01   3.2290653553898520e-04
   2.4100000000000001e+01   3.2012932491083082e-04
   2.4200000000000003e+01   3.1979936798490693e-04
   2.4300000000000001e+01   3.2198046265454567e-04
   2.4400000000000002e+01   3.2678567729621999e-04
   2.4500000000000000e+01   3.3438809294896550e-04
   2.4600000000000001e+01   3.4502831626079906e-04
   2.4700000000000003e+01   3.5901703209011713e-04
   2.4800000000000001e+01   3.7672692482894929e-04
   2.4900000000000002e+01   3.9856128398469673e-04
   2.5000000000000000e+01   4.2487418092915545e-04
   2.5100000000000001e+01   4.5579746548087669e-04
   2.5200000000000003e+01   4.9090820031178286e-04
   2.5300000000000001e+01   5.2867911893671930e-04
   2.5400000000000002e+01   5.6579132595779391e-04
   2.5500000000000000e+01   5.9679343499054866e-04
   2.5600000000000001e+01   6.1510215382840289e-04
   2.5700000000000003e+01   6.1587577151333932e-04
   2.5800000000000001e+01   5.9900446367585855e-04
   2.5900000000000002e+01   5.6917318649197645e-04
   2.6000000000000000e+01   5.3293154227578552e-04
   2.6100000000000001e+01   4.9578202913799687e-04
   2.6200000000000003e+01   4.6111843957870747e-04
   2.6300000000000001e+01   4.3053326980310508e-04
   2.6400000000000002e+01   4.0449730312524493e-04
   2.6500000000000000e+01   3.8291231752641858e-04
   2.6600000000000001e+01   3.6544897446327395e-04
   2.6700000000000003e+01   3.5172450942424067e-04
   2.6800000000000001e+01   3.4138637494984456e-04
   2.6900000000000002e+01   3.3414710263798218e-04
   2.7000000000000000e+01   3.2979617700511845e-04
   2.7100000000000001e+01   3.2820238361533908e-04
   2.7200000000000003e+01   3.2931328940745880e-04
   2.7300000000000001e+01   3.3315496672758606e-04
   2.7400000000000002e+01   3.3983319644813873e-04
   2.7500000000000000e+01   3.4953618979440421e-04
   2.7600000000000001e+01   3.6253765036384087e-04
   2.7700000000000003e+01   3.7919703782873229e-04
   2.7800000000000001e+01   3.9995014767572716e-04
   2.7900000000000002e+01   4.2527587725202739e-04
   2.8000000000000000e+01   4.5561180275058478e-04
   2.8100000000000001e+01   4.9116992160408120e-04
   2.8200000000000003e+01   5.3157982098563420e-04
   2.8300000000000001e+01   5.7529342263565905e-04
   2.8400000000000002e+01   6.1882539066862184e-04
   2.8500000000000000e+01   6.5632913216860341e-04
   2.8600000000000001e+01   6.8057068700372607e-04
   2.8700000000000003e+01   6.8594785557488894e-04
   2.8800000000000001e+01   6.7182025387138675e-04
   2.8900000000000002e+01   6.4285812529090932e-04
   2.9000000000000000e+01   6.0605990548624853e-04
   2.9100000000000001e+01   5.6754145441091858e-04
   2.9200000000000003e+01   5.3122419600391834e-04
   2.9300000000000001e+01   4.9905740044922881e-04
   2.9400000000000002e+01   4.7171844174030502e-04
   2.9500000000000000e+01   4.4921524688864097e-04
   2.9600000000000001e+01   4.3126692386722272e-04
   2.9700000000000003e+01   4.1750960557180932e-04
   2.9800000000000001e+01   4.0759620434213331e-04
   2.9900000000000002e+01   4.0123926983282065e-04
   3.0000000000000000e+01   3.9822552328416057e-04
   3.0100000000000001e+01   3.9841688389305409e-04
   3.0200000000000003e+01   4.0174475624696348e-04
   3.0300000000000001e+01   4.0819965242808339e-04
   3.0400000000000002e+01   4.1781508365574475e-04
   3.0500000000000000e+01   4.3064192561582270e-04
   3.0600000000000001e+01   4.4670650494836714e-04
   3.0700000000000003e+01   4.6594250717905988e-04
   3.0800000000000001e+01   4.8808494418962510e-04
   3.0900000000000002e+01   5.1251845333884325e-04
   3.1000000000000000e+01   5.3809192828345378e-04
   3.1100000000000001e+01   5.6295996294155476e-04
   3.1200000000000003e+01   5.8458747869163973e-04
   3.1300000000000001e+01   6.0009957841442019e-04
   3.1400000000000002e+01   6.0704295069454307e-04
   3.1500000000000000e+01   6.0428700576749359e-04
   3.1600000000000001e+01   5.9250355033869343e-04
   3.1700000000000003e+01   5.7386495101167782e-04
   3.1800000000000001e+01   5.5119626066140457e-04
   3.1900000000000002e+01   5.2714669710180362e-04
   3.2000000000000000e+01   5.0373957262879574e-04
   3.2100000000000001e+01   4.8229784263918713e-04
   3.2200000000000003e+01   4.6357372705178358e-04
   3.2300000000000004e+01   4.4793114949488749e-04
   3.2399999999999999e+01   4.3550512250452626e-04
   3.2500000000000000e+01   4.2631748857127545e-04
   3.2600000000000001e+01   4.2035355610422608e-04
   3.2700000000000003e+01   4.1761095052814616e-04
   3.2800000000000004e+01   4.1813123765991250e-04
   3.2899999999999999e+01   4.2202216742232246e-04
   3.3000000000000000e+01   4.2947579553552452e-04
   3.3100000000000001e+01   4.4078566043616904e-04
   3.3200000000000003e+01   4.5636430058613238e-04
   3.3300000000000004e+01   4.7675991102893626e-04
   3.3399999999999999e+01   5.0266638194326882e-04
   3.3500000000000000e+01   5.3491145785548270e-04
   3.3600000000000001e+01   5.7438781629506007e-04
   3.3700000000000003e+01   6.2185250016091864e-04
   3.3800000000000004e+01   6.7745358467037825e-04
   3.3899999999999999e+01   7.3977389227632877e-04
   3.4000000000000000e+01   8.0427396577610784e-04
   3.4100000000000001e+01   8.6173557116148072e-04
   3.4200000000000003e+01   8.9898318324401535e-04
   3.4300000000000004e+01   9.0461333408299745e-04
   3.4399999999999999e+01   8.7697263945478779e-04
   3.4500000000000000e+01   8.2546544316993895e-04
   3.4600000000000001e+01   7.6348739513661351e-04
   3.4700000000000003e+01   7.0150529551080826e-04
   3.4800000000000004e+01   6.4519444021736622e-04
   3.4899999999999999e+01   5.9667025602198225e-04
   3.5000000000000000e+01   5.5613449081216805e-04
   3.5100000000000001e+01   5.2298007097590672e-04
   3.5200000000000003e+01   4.9636690211109571e-04
   3.5300000000000004e+01   4.7547841144505293e-04
   3.5399999999999999e+01   4.5961822549797155e-04
   3.5500000000000000e+01   4.4823542177078286e-04
   3.5600000000000001e+01   4.4092144976015196e-04
   3.5700000000000003e+01   4.3739815447484007e-04
   3.5800000000000004e+01   4.3750498870863923e-04
   3.5899999999999999e+01   4.4118822294989034e-04
   3.6000000000000000e+01   4.4849238993954906e-04
   3.6100000000000001e+01   4.5955258512166516e-04
   3.6200000000000003e+01   4.7458455794387454e-04
   3.6300000000000004e+01   4.9386695109569865e-04
   3.6399999999999999e+01   5.1770569370239699e-04
   3.6500000000000000e+01   5.4636352344828581e-04
   3.6600000000000001e+01   5.7992778614987799e-04
   3.6700000000000003e+01   6.1808063301009358e-04
   3.6800000000000004e+01   6.5974209244956217e-04
   3.6899999999999999e+01   7.0261504156228689e-04
   3.7000000000000000e+01   7.4282623818750339e-04
   3.7100000000000001e+01   7.7511473599314624e-04
   3.7200000000000003e+01   7.9407807943424893e-04
   3.7300000000000004e+01   7.9631892505333283e-04
   3.7399999999999999e+01   7.8213910514569494e-04
   3.7500000000000000e+01   7.5532148061319083e-04
   3.7600000000000001e+01   7.2122889079507440e-04
   3.7700000000000003e+01   6.8481529730353701e-04
   3.7800000000000004e+01   6.4963515030729859e-04
   3.7899999999999999e+01   6.1779154269066001e-04
   3.8000000000000000e+01   5.9030703760930379e-04
   3.8100000000000001e+01   5.6753835673763534e-04
   3.8200000000000003e+01   5.4949043141207666e-04
   3.8300000000000004e+01   5.3601682439803741e-04
   3.8400000000000006e+01   5.2693554937990146e-04
   3.8500000000000000e+01   5.2209137705494881e-04
   3.8600000000000001e+01   5.2138692142588957e-04
   3.8700000000000003e+01   5.2479588122022471e-04
   3.8800000000000004e+01   5.3236506527440895e-04
   3.8900000000000006e+01   5.4420677098762909e-04
   3.9000000000000000e+01   5.6047859448148769e-04
   3.9100000000000001e+01   5.8134271760270533e-04
   3.9200000000000003e+01   6.0689036290300941e-04
   3.9300000000000004e+01   6.3700988264194381e-04
   3.9400000000000006e+01   6.7117306387416199e-04
   3.9500000000000000e+01   7.0812699109802798e-04
   3.9600000000000001e+01   7.4553637917103299e-04
   3.9700000000000003e+01   7.7975566893724081e-04
   3.9800000000000004e+01   8.0608716222102018e-04
   3.9900000000000006e+01   8.1987339288099460e-04
   4.0000000000000000e+01   8.1823944967203367e-04
   4.0100000000000001e+01   8.0144867836139339e-04
   4.0200000000000003e+01   7.7277342444790655e-04
   4.0300000000000004e+01   7.3699167113728647e-04
   4.0400000000000006e+01   6.9869206508368508e-04
   4.0500000000000000e+01   6.6131568466781614e-04
   4.0600000000000001e+01   6.2700076417453643e-04
   4.0700000000000003e+01   5.9685224209035572e-04
   4.0800000000000004e+01   5.7130178339759796e-04
   4.0900000000000006e+01   5.5040415174818671e-04
   4.1000000000000000e+01   5.3403842290868737e-04
   4.1100000000000001e+01   5.2203120214489051e-04
   4.1200000000000003e+01   5.1422792499530910e-04
   4.1300000000000004e+01   5.1053355271745815e-04
   4.1400000000000006e+01   5.1093714135255991e-04
   4.1500000000000000e+01   5.1552938301050290e-04
   4.1600000000000001e+01   5.2451865159849214e-04
   4.1700000000000003e+01   5.3824878247784897e-04
   4.1800000000000004e+01   5.5722001272698253e-04
   4.1900000000000006e+01   5.8211222424348139e-04
   4.2000000000000000e+01   6.1380525095583026e-04
   4.2100000000000001e+01   6.5338137363945463e-04
   4.2200000000000003e+01   7.0207386743721190e-04
   4.2300000000000004e+01   7.6108086906051271e-04
   4.2400000000000006e+01   8.3108026164274782e-04
   4.2500000000000000e+01   9.1116462039025144e-04
   4.2600000000000001e+01   9.9690606811539493e-04
   4.2700000000000003e+01   1.0778995710389657e-03
   4.2800000000000004e+01   1.1372469774823064e-03
   4.2900000000000006e+01   1.1574615806190628e-03
   4.3000000000000000e+01   1.1320529051233735e-03
   4.3100000000000001e+01   1.0708274525017621e-03
   4.3200000000000003e+01   9.9186444677781252e-04
   4.3300000000000004e+01   9.1063748665145671e-04
   4.3400000000000006e+01   8.3597915479735336e-04
   4.3500000000000000e+01   7.7137887079238674e-04
   4.3600000000000001e+01   7.1736796401132466e-04
   4.3700000000000003e+01   6.7320383684739621e-04
   4.3800000000000004e+01   6.3775736809045880e-04
   4.3900000000000006e+01   6.0990762919450349e-04
   4.4000000000000000e+01   5.8868984105128329e-04
   4.4100000000000001e+01   5.7333373234763857e-04
   4.4200000000000003e+01   5.6325848146797949e-04
   4.4300000000000004e+01   5.5805354764281573e-04
   4.4400000000000006e+01   5.5745718595856281e-04
   4.4500000000000000e+01   5.6133635143365221e-04
   4.4600000000000001e+01   5.6966774192524123e-04
   4.4700000000000003e+01   5.8251724475427192e-04
   4.4800000000000004e+01   6.0001261533233936e-04
   4.4900000000000006e+01   6.2230095970731264e-04
   4.5000000000000000e+01   6.4947806585625067e-04
   4.5100000000000001e+01   6.8147133452834069e-04
   4.5200000000000003e+01   7.1785519423265577e-04
   4.5300000000000004e+01   7.5758686667512509e-04
   4.5400000000000006e+01   7.9869070073839961e-04
   4.5500000000000000e+01   8.3801481829683751e-04
   4.5600000000000001e+01   8.7132190933994990e-04
   4.5700000000000003e+01   8.9402354076517936e-04
   4.5800000000000004e+01   9.0257377001190043e-04
   4.5900000000000006e+01   8.9589054730350416e-04
   4.6000000000000000e+01   8.7582240288996765e-04
   4.6100000000000001e+01   8.4629890004237092e-04
   4.6200000000000003e+01   8.1183648181166665e-04
   4.6300000000000004e+01   7.7634266658274198e-04
   4.6400000000000006e+01   7.4261436356097858e-04
   4.6500000000000000e+01   7.1237450957727468e-04
   4.6600000000000001e+01   6.8654074013408013e-04
   4.6700000000000003e+01   6.6551697941235471e-04
   4.6800000000000004e+01   6.4942373618342422e-04
   4.6900000000000006e+01   6.3825546733862614e-04
   4.7000000000000000e+01   6.3198009076647493e-04
   4.7100000000000001e+01   6.3059955213879326e-04
   4.7200000000000003e+01   6.3418633949168836e-04
   4.7300000000000004e+01   6.4290547283504731e-04
   4.7400000000000006e+01   6.5702654373807194e-04
   4.7500000000000000e+01   6.7692556809129394e-04
   4.7600000000000001e+01   7.0307052868118767e-04
   4.7700000000000003e+01   7.3597562362195858e-04
   4.7800000000000004e+01   7.7609495925022565e-04
   4.7900000000000006e+01   8.2360505602681138e-04
   4.8000000000000000e+01   8.7800193053035080e-04
   4.8100000000000001e+01   9.3744115516634138e-04
   4.8200000000000003e+01   9.9786264248984385e-04
   4.8300000000000004e+01   1.0523092427338020e-03
   4.8400000000000006e+01   1.0914517026818081e-03
   4.8500000000000000e+01   1.1063999378940570e-03
   4.8600000000000001e+01   1.0930591725910924e-03
   4.8700000000000003e+01   1.0546089935813455e-03
   4.8800000000000004e+01   9.9958615141187003e-04
   4.8900000000000006e+01   9.3753210783389820e-04
   4.9000000000000000e+01   8.7583080146667078e-04
   4.9100000000000001e+01   8.1890821216881976e-04
   4.9200000000000003e+01   7.6883031475105266e-04
   4.9300000000000004e+01   7.2620123794928223e-04
   4.9400000000000006e+01   6.9086967021985410e-04
   4.9500000000000000e+01   6.6236891267605364e-04
   4.9600000000000001e+01   6.4015779883515008e-04
   4.9700000000000003e+01   6.2374094187919163e-04
   4.9800000000000004e+01   6.1272384201391218e-04
   4.9900000000000006e+01   6.0683602982179805e-04
   5.0000000000000000e+01   6.0594053137972539e-04
   5.0100000000000001e+01   6.1003929503778613e-04
   5.0200000000000003e+01   6.1927945680392989e-04
   5.0300000000000004e+01   6.3396258264231272e-04
   5.0400000000000006e+01   6.5455696325121429e-04
   5.0500000000000000e+01   6.8171042420860778e-04
   5.0600000000000001e+01   7.1625629962039324e-04
   5.0700000000000003e+01   7.5919535089371800e-04
   5.0800000000000004e+01   8.1161639192544211e-04
   5.0900000000000006e+01   8.7448026347049441e-04
   5.1000000000000000e+01   9.4812892953081670e-04
   5.1100000000000001e+01   1.0313128647644481e-03
   5.1200000000000003e+01   1.1195808290080226e-03
   5.1300000000000004e+01   1.2034161018089884e-03
   5.1400000000000006e+01   1.2679576871717257e-03
   5.1500000000000000e+01   1.2973741855498695e-03
   5.1600000000000001e+01   1.2837136100094090e-03
   5.1700000000000003e+01   1.2325266179154624e-03
   5.1800000000000004e+01   1.1586625861345198e-03
   5.1900000000000006e+01   1.0773716701880591e-03
   5.2000000000000000e+01   9.9908098001437657e-04
   5.2100000000000001e+01   9.2907856230527576e-04
   5.2200000000000003e+01   8.6920737926018130e-04
   5.2300000000000004e+01   8.1950626685310451e-04
   5.2400000000000006e+01   7.7925315309297616e-04
   5.2500000000000000e+01   7.4751261088693455e-04
   5.2600000000000001e+01   7.2338798018959142e-04
   5.2700000000000003e+01   7.0612143361743600e-04
   5.2800000000000004e+01   6.9512266140916935e-04
   5.2900000000000006e+01   6.8996665734258062e-04
   5.3000000000000000e+01   6.9037911490212132e-04
   5.3100000000000001e+01   6.9621646863255815e-04
   5.3200000000000003e+01   7.0744128408776108e-04
   5.3300000000000004e+01   7.2408939511339212e-04
   5.3400000000000006e+01   7.4622116463734329e-04
   5.3500000000000000e+01   7.7384468490628933e-04
   5.3600000000000001e+01   8.0679402017343172e-04
   5.3700000000000003e+01   8.4454371328203793e-04
   5.3800000000000004e+01   8.8595014118710534e-04
   5.3900000000000006e+01   9.2894757078395933e-04
   5.4000000000000000e+01   9.7031149042786180e-04
   5.4100000000000001e+01   1.0057236704845542e-03
   5.4200000000000003e+01   1.0304252367790930e-03
   5.4300000000000004e+01   1.0405151510006188e-03
   5.4400000000000006e+01   1.0343901760306909e-03
   5.4500000000000000e+01   1.0134173854941919e-03
   5.4600000000000001e+01   9.8133878119961498e-04
   5.4700000000000003e+01   9.4286093328861621e-04
   5.4800000000000004e+01   9.0233624560385149e-04
   5.4900000000000006e+01   8.6307012553192444e-04
   5.5000000000000000e+01   8.2722287050081918e-04
   5.5100000000000001e+01   7.9602809480449699e-04
   5.5200000000000003e+01   7.7009022476610283e-04
   5.5300000000000004e+01   7.4964321226626265e-04
   5.5400000000000006e+01   7.3473884229869225e-04
   5.5500000000000000e+01   7.2537212118908715e-04
   5.5600000000000001e+01   7.2156179757213617e-04
   5.5700000000000003e+01   7.2340280695235872e-04
   5.5800000000000004e+01   7.3110300803321893e-04
   5.5900000000000006e+01   7.4501216578745991e-04
   5.6000000000000000e+01   7.6564722085552348e-04
   5.6100000000000001e+01   7.9371368561892029e-04
   5.6200000000000003e+01   8.3011675550181973e-04
   5.6300000000000004e+01   8.7594414254749445e-04
   5.6400000000000006e+01   9.3237982733867261e-04
   5.6500000000000000e+01   1.0004645422474030e-03
   5.6600000000000001e+01   1.0805462440584498e-03
   5.6700000000000003e+01   1.1711811192752053e-03
   5.6800000000000004e+01   1.2672921893762269e-03
   5.6900000000000006e+01   1.3579984401010440e-03
   5.7000000000000000e+01   1.4262299285087250e-03
   5.7100000000000001e+01   1.4537838601423093e-03
   5.7200000000000003e+01   1.4317350629156947e-03
   5.7300000000000004e+01   1.3670231930923171e-03
   5.7400000000000006e+01   1.2772792250273707e-03
   5.7500000000000000e+01   1.1802128232075511e-03
   5.7600000000000001e+01   1.0876175975191003e-03
   5.7700000000000003e+01   1.0052306056227338e-03
   5.7800000000000004e+01   9.3484539052456810e-04
   5.7900000000000006e+01   8.7625657099671601e-04
   5.8000000000000000e+01   8.2845818922941958e-04
   5.8100000000000001e+01   7.9025460138262306e-04
   5.8200000000000003e+01   7.6053217528849581e-04
   5.8300000000000004e+01   7.3836159881203564e-04
   5.8400000000000006e+01   7.2302388164797646e-04
   5.8500000000000000e+01   7.1400608521235789e-04
   5.8600000000000001e+01   7.1098807517733014e-04
   5.8700000000000003e+01   7.1382942308298501e-04
   5.8800000000000004e+01   7.2255967118689415e-04
   5.8900000000000006e+01   7.3737199969161748e-04
   5.9000000000000000e+01   7.5861788622256859e-04
   5.9100000000000001e+01   7.8679716857430750e-04
   5.9200000000000003e+01   8.2253246206697936e-04
   5.9300000000000004e+01   8.6650704345497364e-04
   5.9400000000000006e+01   9.1932845402928484e-04
   5.9500000000000000e+01   9.8125480213022962e-04
   5.9600000000000001e+01   1.0516944281293730e-03
   5.9700000000000003e+01   1.1283994465071349e-03
   5.9800000000000004e+01   1.2064232240170337e-03
   5.9900000000000006e+01   1.2773614146923855e-03
   6.0000000000000000e+01   1.3300802969271827e-03
   6.0100000000000001e+01   1.3541052059256400e-03
   6.0200000000000003e+01   1.3446477546148559e-03
   6.0300000000000004e+01   1.3053354813357505e-03
   6.0400000000000006e+01   1.2459661244188429e-03
   6.0500000000000000e+01   1.1775854881329066e-03
   6.0600000000000001e+01   1.1088911999624087e-03
   6.0700000000000003e+01   1.0452564696959985e-03
   6.0800000000000004e+01   9.8934113281975555e-04
   6.0900000000000006e+01   9.4208080906958756e-04
   6.1000000000000000e+01   9.0348956342614628e-04
   6.1100000000000001e+01   8.7317361595558199e-04
   6.1200000000000003e+01   8.5062039937867852e-04
   6.1300000000000004e+01   8.3534686331059645e-04
   6.1400000000000006e+01   8.2696846220453113e-04
   6.1500000000000000e+01   8.2522583570054952e-04
   6.1600000000000001e+01   8.2998875550502446e-04
   6.1700000000000003e+01   8.4124563409514305e-04
   6.1800000000000004e+01   8.5907912764078597e-04
   6.1900000000000006e+01   8.8362179485766679e-04
   6.2000000000000000e+01   9.1497876720439712e-04
   6.2100000000000001e+01   9.5309641096750553e-04
   6.2200000000000003e+01   9.9754910566606262e-04
   6.2300000000000004e+01   1.0472189969571381e-03
   6.2400000000000006e+01   1.0998767834218813e-03
   6.2500000000000000e+01   1.1517696094517109e-03
   6.2600000000000001e+01   1.1975020825740175e-03
   6.2700000000000003e+01   1.2306584117802988e-03
   6.2800000000000004e+01   1.2454439384577524e-03
   6.2900000000000006e+01   1.2388545554331499e-03
   6.3000000000000000e+01   1.2120298270388047e-03
   6.3100000000000001e+01   1.1697300067329088e-03
   6.3200000000000003e+01   1.1183586165517227e-03
   6.3300000000000004e+01   1.0639398199699852e-03
   6.3400000000000006e+01   1.0110136067966043e-03
   6.3500000000000000e+01   9.6246538761531866e-04
   6.3600000000000001e+01   9.1985317179561104e-04
   6.3700000000000003e+01   8.8385058203838097e-04
   6.3800000000000004e+01   8.5462212698120667e-04
   6.3900000000000006e+01   8.3208695338091209e-04
   6.4000000000000000e+01   8.1608702919131696e-04
   6.4100000000000009e+01   8.0648944322747021e-04
   6.4200000000000003e+01   8.0324875478791013e-04
   6.4299999999999997e+01   8.0644790715564104e-04
   6.4400000000000006e+01   8.1632984299573666e-04
   6.4500000000000000e+01   8.3332740703377043e-04
   6.4600000000000009e+01   8.5809578367174015e-04
   6.4700000000000003e+01   8.9154840353352575e-04
   6.4799999999999997e+01   9.3489201341270573e-04
   6.4900000000000006e+01   9.8964576243871279e-04
   6.5000000000000000e+01   1.0576053036583215e-03
   6.5100000000000009e+01   1.1406616621385504e-03
   6.5200000000000003e+01   1.2402828593042036e-03
   6.5299999999999997e+01   1.3562991011331514e-03
   6.5400000000000006e+01   1.4844947637048149e-03
   6.5500000000000000e+01   1.6129296090795398e-03
   6.5600000000000009e+01   1.7191677969738521e-03
   6.5700000000000003e+01   1.7746757209656870e-03
   6.5799999999999997e+01   1.7606111334775637e-03
   6.5900000000000006e+01   1.6826593820301844e-03
   6.6000000000000000e+01   1.5661583434771493e-03
   6.6100000000000009e+01   1.4381798767481432e-03
   6.6200000000000003e+01   1.3164885049603303e-03
   6.6299999999999997e+01   1.2092112033842189e-03
   6.6400000000000006e+01   1.1184877416102392e-03
   6.6500000000000000e+01   1.0436397203928041e-03
   6.6600000000000009e+01   9.8298755645243757e-04
   6.6700000000000003e+01   9.3470331011987525e-04
   6.6799999999999997e+01   8.9715145550523119e-04
   6.6900000000000006e+01   8.6899399413434470e-04
   6.7000000000000000e+01   8.4919862886773112e-04
   6.7100000000000009e+01   8.3701306348690893e-04
   6.7200000000000003e+01   8.3193189573255979e-04
   6.7299999999999997e+01   8.3366580576316282e-04
   6.7400000000000006e+01   8.4211505642598362e-04
   6.7500000000000000e+01   8.5734531664619952e-04
   6.7600000000000009e+01   8.7956072838240814e-04
   6.7700000000000003e+01   9.0906529936753198e-04
   6.7799999999999997e+01   9.4619784799892962e-04
   6.7900000000000006e+01   9.9121694281999076e-04
   6.8000000000000000e+01   1.0441011203509954e-03
   6.8100000000000009e+01   1.1042216587292051e-03
   6.8200000000000003e+01   1.1698585788106370e-03
   6.8299999999999997e+01   1.2376062758577145e-03
   6.8400000000000006e+01   1.3019077326416285e-03
   6.8500000000000000e+01   1.3552450630025766e-03
   6.8600000000000009e+01   1.3896069034453728e-03
   6.8700000000000003e+01   1.3991960660313598e-03
   6.8799999999999997e+01   1.3829774497509655e-03
   6.8900000000000006e+01   1.3451353770054478e-03
   6.9000000000000000e+01   1.2930724094120359e-03
   6.9100000000000009e+01   1.2345825288581074e-03
   6.9200000000000003e+01   1.1759340575981153e-03
   6.9299999999999997e+01   1.1212999816348883e-03
   6.9400000000000006e+01   1.0730428609789066e-03
   6.9500000000000000e+01   1.0322718545841935e-03
   6.9600000000000009e+01   9.9935201865490033e-04
   6.9700000000000003e+01   9.7427071408334493e-04
   6.9799999999999997e+01   9.5687096661306625e-04
   6.9900000000000006e+01   9.4698972292822225e-04
   7.0000000000000000e+01   9.4453589514101636e-04
   7.0100000000000009e+01   9.4953232788848243e-04
   7.0200000000000003e+01   9.6213549333892725e-04
   7.0299999999999997e+01   9.8263812638023384e-04
   7.0400000000000006e+01   1.0114520022062987e-03
   7.0500000000000000e+01   1.0490586318488981e-03
   7.0600000000000009e+01   1.0959025105871088e-03
   7.0700000000000003e+01   1.1521831290940239e-03
   7.0799999999999997e+01   1.2174811672999630e-03
   7.0900000000000006e+01   1.2901493409736620e-03
   7.1000000000000000e+01   1.3664642276017055e-03
   7.1100000000000009e+01   1.4397778736051641e-03
   7.1200000000000003e+01   1.5003927699741555e-03
   7.1299999999999997e+01   1.5372775191196154e-03
   7.1400000000000006e+01   1.5420032080869543e-03
   7.1500000000000000e+01   1.5129148221811528e-03
   7.1600000000000009e+01   1.4560847745831002e-03
   7.1700000000000003e+01   1.3821246276317263e-03
   7.1799999999999997e+01   1.3017193465524675e-03
   7.1900000000000006e+01   1.2228842708943465e-03
   7.2000000000000000e+01   1.1504504803602073e-03
   7.2100000000000009e+01   1.0867509856524631e-03
   7.2200000000000003e+01   1.0325429278195510e-03
   7.2299999999999997e+01   9.8774005440846837e-04
   7.2400000000000006e+01   9.5188605835368667e-04
   7.2500000000000000e+01   9.2442737130016587e-04
   7.2600000000000009e+01   9.0485908273924432e-04
   7.2700000000000003e+01   8.9279930914077862e-04
   7.2799999999999997e+01   8.8802704754039924e-04
   7.2900000000000006e+01   8.9050404638339265e-04
   7.3000000000000000e+01   9.0039229744822975e-04
   7.3100000000000009e+01   9.1807350982375444e-04
   7.3200000000000003e+01   9.4417355625032898e-04
   7.3299999999999997e+01   9.7959173210735774e-04
   7.3400000000000006e+01   1.0255297150615387e-03
   7.3500000000000000e+01   1.0835049568375455e-03
   7.3600000000000009e+01   1.1553113391754490e-03
   7.3700000000000003e+01   1.2428440349433235e-03
   7.3799999999999997e+01   1.3476166038286018e-03
   7.3900000000000006e+01   1.4696546258570998e-03
   7.4000000000000000e+01   1.6053256682307367e-03
   7.4100000000000009e+01   1.7439643420420572e-03
   7.4200000000000003e+01   1.8648922359591781e-03
   7.4299999999999997e+01   1.9399675373824434e-03
   7.4400000000000006e+01   1.9466678886713577e-03
   7.4500000000000000e+01   1.8840474223713159e-03
   7.4600000000000009e+01   1.7733329138664771e-03
   7.4700000000000003e+01   1.6424758357695486e-03
   7.4799999999999997e+01   1.5126445503540894e-03
   7.4900000000000006e+01   1.3951325807850204e-03
   7.5000000000000000e+01   1.2940893169015744e-03
   7.5100000000000009e+01   1.2098562508511680e-03
   7.5200000000000003e+01   1.1411694757058025e-03
   7.5299999999999997e+01   1.0863051887334810e-03
   7.5400000000000006e+01   1.0435916827621836e-03
   7.5500000000000000e+01   1.0116030403296327e-03
   7.5600000000000009e+01   9.8920917790007576e-04
   7.5700000000000003e+01   9.7556747629816767e-04
   7.5799999999999997e+01   9.7009420554348155e-04
   7.5900000000000006e+01   9.7243092652329031e-04
   7.6000000000000000e+01   9.8240975842299135e-04
   7.6100000000000009e+01   1.0000151349758540e-03
   7.6200000000000003e+01   1.0253349031192544e-03
   7.6299999999999997e+01   1.0584884282734712e-03
   7.6400000000000006e+01   1.0995129142946482e-03
   7.6500000000000000e+01   1.1481822409335411e-03
   7.6600000000000009e+01   1.2037300152952194e-03
   7.6700000000000003e+01   1.2644633657548532e-03
   7.6800000000000011e+01   1.3273120991833978e-03
   7.6900000000000006e+01   1.3874886626432791e-03
   7.7000000000000000e+01   1.4386183271293818e-03
   7.7100000000000009e+01   1.4737636416544033e-03
   7.7200000000000003e+01   1.4873903190684217e-03
   7.7300000000000011e+01   1.4774615148722633e-03
   7.7400000000000006e+01   1.4462994560484545e-03
   7.7500000000000000e+01   1.3995661677482561e-03
   7.7600000000000009e+01   1.3441425961655319e-03
   7.7700000000000003e+01   1.2862509526436552e-03
   7.7800000000000011e+01   1.2305321516028781e-03
   7.7900000000000006e+01   1.1799697336054313e-03
   7.8000000000000000e+01   1.1362376255486977e-03
   7.8100000000000009e+01   1.1001366307545075e-03
   7.8200000000000003e+01   1.0719627646530278e-03
   7.8300000000000011e+01   1.0517705895533120e-03
   7.8400000000000006e+01   1.0395461969168881e-03
   7.8500000000000000e+01   1.0353167700606083e-03
   7.8600000000000009e+01   1.0392204499206758e-03
   7.8700000000000003e+01   1.0515531716547859e-03
   7.8800000000000011e+01   1.0728021793597732e-03
   7.8900000000000006e+01   1.1036693140899130e-03
   7.9000000000000000e+01   1.1450793509067130e-03
   7.9100000000000009e+01   1.1981565820080064e-03
   7.9200000000000003e+01   1.2641314254655716e-03
   7.9300000000000011e+01   1.3441006187001974e-03
   7.9400000000000006e+01   1.4385030555358993e-03
   7.9500000000000000e+01   1.5461018420579089e-03
   7.9600000000000009e+01   1.6622765733790722e-03
   7.9700000000000003e+01   1.7768258552516899e-03
   7.9800000000000011e+01   1.8727295477147185e-03
   7.9900000000000006e+01   1.9290352462927717e-03
   8.0000000000000000e+01   1.9298659097148198e-03
   8.0100000000000009e+01   1.8743020007820940e-03
   8.0200000000000003e+01   1.7770839645971695e-03
   8.0300000000000011e+01   1.6592892177409058e-03
   8.0400000000000006e+01   1.5387226940651575e-03
   8.0500000000000000e+01   1.4263289955408836e-03
   8.0600000000000009e+01   1.3271727759365316e-03
   8.0700000000000003e+01   1.2426731917481507e-03
   8.0800000000000011e+01   1.1724177854624839e-03
   8.0900000000000006e+01   1.1152632715121908e-03
   8.1000000000000000e+01   1.0699079613324047e-03
   8.1100000000000009e+01   1.0351565870179436e-03
   8.1200000000000003e+01   1.0100270836273829e-03
   8.1300000000000011e+01   9.9378367553978062e-04
   8.1400000000000006e+01   9.8593978300469528e-04
   8.1500000000000000e+01   9.8625196210150486e-04
   8.1600000000000009e+01   9.9471459236232180e-04
   8.1700000000000003e+01   1.0115590436315313e-03
   8.1800000000000011e+01   1.0372573693528376e-03
   8.1900000000000006e+01   1.0725270056729658e-03
   8.2000000000000000e+01   1.1183274109436341e-03
   8.2100000000000009e+01   1.1758291471814183e-03
   8.2200000000000003e+01   1.2463159481493956e-03
   8.2300000000000011e+01   1.3309441805939002e-03
   8.2400000000000006e+01   1.4302266925376138e-03
   8.2500000000000000e+01   1.5430440531962368e-03
   8.2600000000000009e+01   1.6650069169294650e-03
   8.2700000000000003e+01   1.7863708603838440e-03
   8.2800000000000011e+01   1.8908479095534477e-03
   8.2900000000000006e+01   1.9581917259362132e-03
   8.3000000000000000e+01   1.9724223729728754e-03
   8.3100000000000009e+01   1.9311920877297438e-03
   8.3200000000000003e+01   1.8472037222536947e-03
   8.3300000000000011e+01   1.7401736900679757e-03
   8.3400000000000006e+01   1.6276858065474608e-03
   8.3500000000000000e+01   1.5211990266879320e-03
   8.3600000000000009e+01   1.4264992032904649e-03
   8.3700000000000003e+01   1.3456471366449754e-03
   8.3800000000000011e+01   1.2787142054408313e-03
   8.3900000000000006e+01   1.2248980422547269e-03
   8.4000000000000000e+01   1.1831327936515168e-03
   8.4100000000000009e+01   1.1523875659485313e-03
   8.4200000000000003e+01   1.1317958746649599e-03
   8.4300000000000011e+01   1.1207002917979544e-03
   8.4400000000000006e+01   1.1186564301255795e-03
   8.4500000000000000e+01   1.1254167503154044e-03
   8.4600000000000009e+01   1.1409008832430844e-03
   8.4700000000000003e+01   1.1651500791426965e-03
   8.4800000000000011e+01   1.1982556965714011e-03
   8.4900000000000006e+01   1.2402434811347651e-03
   8.5000000000000000e+01   1.2908867811570490e-03
   8.5100000000000009e+01   1.3494167656390558e-03
   8.5200000000000003e+01   1.4141086604440795e-03
   8.5300000000000011e+01   1.4817767045333316e-03
   8.5400000000000006e+01   1.5473428161944473e-03
   8.5500000000000000e+01   1.6038519544104781e-03
   8.5600000000000009e+01   1.6434341131356294e-03
   8.5700000000000003e+01   1.6593977131067067e-03
   8.5800000000000011e+01   1.6487081186323093e-03
   8.5900000000000006e+01   1.6133012349200781e-03
   8.6000000000000000e+01   1.5592344031739947e-03
   8.6100000000000009e+01   1.4943296233181768e-03
   8.6200000000000003e+01   1.4258812962990458e-03
   8.6300000000000011e+01   1.3594227340962086e-03
   8.6400000000000006e+01   1.2985359425465965e-03
   8.6500000000000000e+01   1.2452226008267222e-03
   8.6600000000000009e+01   1.2004152221446610e-03
   8.6700000000000003e+01   1.1644196170203097e-03
   8.6800000000000011e+01   1.1372336707551618e-03
   8.6900000000000006e+01   1.1187565355722721e-03
   8.7000000000000000e+01   1.1089204056144760e-03
   8.7100000000000009e+01   1.1077744162727909e-03
   8.7200000000000003e+01   1.1155424284560753e-03
   8.7300000000000011e+01   1.1326691840661653e-03
   8.7400000000000006e+01   1.1598636029104001e-03
   8.7500000000000000e+01   1.1981429856567400e-03
   8.7600000000000009e+01   1.2488755925515016e-03
   8.7700000000000003e+01   1.3138077887100111e-03
   8.7800000000000011e+01   1.3950385173008711e-03
   8.7900000000000006e+01   1.4948545311458932e-03
   8.8000000000000000e+01   1.6152415316637012e-03
   8.8100000000000009e+01   1.7567167707019731e-03
   8.8200000000000003e+01   1.9159391604787245e-03
   8.8300000000000011e+01   2.0817314393204722e-03
   8.8400000000000006e+01   2.2308660048061951e-03
   8.8500000000000000e+01   2.3292762952167199e-03
   8.8600000000000009e+01   2.3462246934711599e-03
   8.8700000000000003e+01   2.2755992068317107e-03
   8.8800000000000011e+01   2.1409314364026935e-03
   8.8900000000000006e+01   1.9774813538083564e-03
   8.9000000000000000e+01   1.8133548828372884e-03
   8.9100000000000009e+01   1.6639455823623127e-03
   8.9200000000000003e+01   1.5350301633086851e-03
   8.9300000000000011e+01   1.4271841091215299e-03
   8.9400000000000006e+01   1.3387806594404316e-03
   8.9500000000000000e+01   1.2675565221582186e-03
   8.9600000000000009e+01   1.2113075039346813e-03
   8.9700000000000003e+01   1.1681487079868158e-03
   8.9800000000000011e+01   1.1365807952452445e-03
   8.9900000000000006e+01   1.1154796539729066e-03
   9.0000000000000000e+01   1.1040621279377770e-03
   9.0100000000000009e+01   1.1018495619650674e-03
   9.0200000000000003e+01   1.1086366656311811e-03
   9.0300000000000011e+01   1.1244663636018986e-03
   9.0400000000000006e+01   1.1496071687599422e-03
   9.0500000000000000e+01   1.1845254939183705e-03
   9.0600000000000009e+01   1.2298391679127741e-03
   9.0700000000000003e+01   1.2862281576056930e-03
   9.0800000000000011e+01   1.3542620699804160e-03
   9.0900000000000006e+01   1.4340813537659907e-03
   9.1000000000000000e+01   1.5248489871482753e-03
   9.1100000000000009e+01   1.6239061376849984e-03
   9.1200000000000003e+01   1.7257039067853834e-03
   9.1300000000000011e+01   1.8209676824453660e-03
   9.1400000000000006e+01   1.8971449444654439e-03
   9.1500000000000000e+01   1.9413269424146103e-03
   9.1600000000000009e+01   1.9453039115154588e-03
   9.1700000000000003e+01   1.9096297466013876e-03
   9.1800000000000011e+01   1.8432305781191040e-03
   9.1900000000000006e+01   1.7589639046213302e-03
   9.2000000000000000e+01   1.6688390536959085e-03
   9.2100000000000009e+01   1.5815538991726078e-03
   9.2200000000000003e+01   1.5022983891854992e-03
   9.2300000000000011e+01   1.4336175239842690e-03
   9.2400000000000006e+01   1.3764099807592994e-03
   9.2500000000000000e+01   1.3306955879156782e-03
   9.2600000000000009e+01   1.2961096520635088e-03
   9.2700000000000003e+01   1.2721905150888688e-03
   9.2800000000000011e+01   1.2585350563855586e-03
   9.2900000000000006e+01   1.2548766837876001e-03
   9.3000000000000000e+01   1.2611189478941604e-03
   9.3100000000000009e+01   1.2773415076044194e-03
   9.3200000000000003e+01   1.3037828656352905e-03
   9.3300000000000011e+01   1.3407934598471678e-03
   9.3400000000000006e+01   1.3887406453855025e-03
   9.3500000000000000e+01   1.4478318685288963e-03
   9.3600000000000009e+01   1.5178047138250297e-03
   9.3700000000000003e+01   1.5974220183463397e-03
   9.3800000000000011e+01   1.6837379078098347e-03
   9.3900000000000006e+01   1.7712338777437278e-03
   9.4000000000000000e+01   1.8512439052727457e-03
   9.4100000000000009e+01   1.9125242461316520e-03
   9.4200000000000003e+01   1.9438386354138990e-03
   9.4300000000000011e+01   1.9381723213300955e-03
   9.4400000000000006e+01   1.8960822936865932e-03
   9.4500000000000000e+01   1.8254498961103862e-03
   9.4600000000000009e+01   1.7378365790670883e-03
   9.4700000000000003e+01   1.6443361890661320e-03
   9.4800000000000011e+01   1.5532310923276121e-03
   9.4900000000000006e+01   1.4696235233797130e-03
   9.5000000000000000e+01   1.3961061049305643e-03
   9.5100000000000009e+01   1.3336464057608535e-03
   9.5200000000000003e+01   1.2823092625821834e-03
   9.5300000000000011e+01   1.2417431667839640e-03
   9.5400000000000006e+01   1.2114752401347077e-03
   9.5500000000000000e+01   1.1910797211095309e-03
   9.5600000000000009e+01   1.1802722832000262e-03
   9.5700000000000003e+01   1.1789653589528593e-03
   9.5800000000000011e+01   1.1873063390067612e-03
   9.5900000000000006e+01   1.2057117872406849e-03
   9.6000000000000000e+01   1.2349052597744013e-03
   9.6100000000000009e+01   1.2759621081816169e-03
   9.6200000000000003e+01   1.3303595586663924e-03
   9.6300000000000011e+01   1.4000208531581974e-03
   9.6400000000000006e+01   1.4873215113181887e-03
   9.6500000000000000e+01   1.5949801821125442e-03
   9.6600000000000009e+01   1.7256608756117211e-03
   9.6700000000000003e+01   1.8809331358526885e-03
   9.6800000000000011e+01   2.0589794389058278e-03
   9.6900000000000006e+01   2.2503882185342565e-03
   9.7000000000000000e+01   2.4326581115573231e-03
   9.7100000000000009e+01   2.5685365906229500e-03
   9.7200000000000003e+01   2.6181658073783820e-03
   9.7300000000000011e+01   2.5648119733136568e-03
   9.7400000000000006e+01   2.4285372986006643e-03
   9.7500000000000000e+01   2.2497401421352030e-03
   9.7600000000000009e+01   2.0641755631296377e-03
   9.7700000000000003e+01   1.8927364255029260e-03
   9.7800000000000011e+01   1.7439023784094074e-03
   9.7900000000000006e+01   1.6191442170121781e-03
   9.8000000000000000e+01   1.5168629069685431e-03
   9.8100000000000009e+01   1.4344961678764263e-03
   9.8200000000000003e+01   1.3694651846889081e-03
   9.8300000000000011e+01   1.3195339433563784e-03
   9.8400000000000006e+01   1.2829056721121515e-03
   9.8500000000000000e+01   1.2582141793533409e-03
   9.8600000000000009e+01   1.2444803372377703e-03
   9.8700000000000003e+01   1.2410621976459632e-03
   9.8800000000000011e+01   1.2476079325573538e-03
   9.8900000000000006e+01   1.2640114470773782e-03
   9.9000000000000000e+01   1.2903648225924681e-03
   9.9100000000000009e+01   1.3268963929216524e-03
   9.9200000000000003e+01   1.3738762795752330e-03
   9.9300000000000011e+01   1.4314616412595879e-03
   9.9400000000000006e+01   1.4994428652348409e-03
   9.9500000000000000e+01   1.5768463529248706e-03
   9.9600000000000009e+01   1.6613695034271960e-03
   9.9700000000000003e+01   1.7487101354165487e-03
   9.9800000000000011e+01   1.8320553628147283e-03
   9.9900000000000006e+01   1.9022857781752255e-03
   1.0000000000000000e+02   1.9495486013180097e-03
