ARMA_MAT_TXT_FN008
101 2
   0.0000000000000000e+00   0.0000000000000000e+00
   1.0000000000000000e+00   1.2892440149811743e-01
   2.0000000000000000e+00   2.2696802446353131e-01
   3.0000000000000000e+00   4.0344801485656234e-01
   4.0000000000000000e+00   2.2992079392373610e-01
   5.0000000000000000e+00   2.7344550505471160e-01
   6.0000000000000000e+00   4.0725321446472940e-01
   7.0000000000000000e+00   2.5497735173595537e-01
   8.0000000000000000e+00   3.1362052892448339e-01
   9.0000000000000000e+00   3.1227033320123537e-01
   1.0000000000000000e+01   2.3363341837145102e-01
   1.1000000000000000e+01   3.8811158513062871e-01
   1.2000000000000000e+01   3.3623022994247553e-01
   1.3000000000000000e+01   2.2957170026925688e-01
   1.4000000000000000e+01   3.3753119402049864e-01
   1.5000000000000000e+01   3.0031302775257945e-01
   1.6000000000000000e+01   2.5952096755773729e-01
   1.7000000000000000e+01   3.9817834729795293e-01
   1.8000000000000000e+01   2.5287773094992799e-01
   1.9000000000000000e+01   2.4876325383883402e-01
   2.0000000000000000e+01   4.8694693673489486e-01
   2.1000000000000000e+01   2.6687800505598791e-01
   2.2000000000000000e+01   2.5749273101816245e-01
   2.3000000000000000e+01   3.5499179434927897e-01
   2.4000000000000000e+01   2.4949107814120125e-01
   2.5000000000000000e+01   3.1558414843789967e-01
   2.6000000000000000e+01   3.8086636316781586e-01
   2.7000000000000000e+01   2.2669371994294063e-01
   2.8000000000000000e+01   3.0167445560740191e-01
   2.9000000000000000e+01   3.8788995630845757e-01
   3.0000000000000000e+01   2.4683099627349050e-01
   3.1000000000000000e+01   3.2263695390942543e-01
   3.2000000000000000e+01   2.9199347598187725e-01
   3.3000000000000000e+01   2.4137150927663353e-01
   3.4000000000000000e+01   4.3980665158328602e-01
   3.5000000000000000e+01   2.9580905624191089e-01
   3.6000000000000000e+01   2.3145683279498327e-01
   3.7000000000000000e+01   3.7223034137726257e-01
   3.8000000000000000e+01   2.8851261344141854e-01
   3.9000000000000000e+01   2.6775817995588863e-01
   4.0000000000000000e+01   3.8094549715774584e-01
   4.1000000000000000e+01   2.4173397138718170e-01
   4.2000000000000000e+01   2.7108030255481214e-01
   4.3000000000000000e+01   4.9018688001503841e-01
   4.4000000000000000e+01   2.4968684903825436e-01
   4.5000000000000000e+01   2.6854390842136500e-01
   4.6000000000000000e+01   3.5304038407095983e-01
   4.7000000000000000e+01   2.4989642834397524e-01
   4.8000000000000000e+01   3.4159909383052106e-01
   4.9000000000000000e+01   3.3368057649063149e-01
   5.0000000000000000e+01   2.2509204541821382e-01
   5.1000000000000000e+01   3.4485888674105619e-01
   5.2000000000000000e+01   3.5829551257142916e-01
   5.3000000000000000e+01   2.4381471593270659e-01
   5.4000000000000000e+01   3.3499101493695432e-01
   5.5000000000000000e+01   2.7893443147910091e-01
   5.6000000000000000e+01   2.5424873694122924e-01
   5.7000000000000000e+01   4.6850559677461445e-01
   5.8000000000000000e+01   2.6746404671823076e-01
   5.9000000000000000e+01   2.3909308524647951e-01
   6.0000000000000000e+01   4.1121335012746135e-01
   6.1000000000000000e+01   2.7665809965122018e-01
   6.2000000000000000e+01   2.7717559708670758e-01
   6.3000000000000000e+01   3.5955781788197760e-01
   6.4000000000000000e+01   2.3655732123107201e-01
   6.5000000000000000e+01   3.0272363668930280e-01
   6.6000000000000000e+01   4.4557567355770522e-01
   6.7000000000000000e+01   2.3819219766399607e-01
   6.8000000000000000e+01   2.8595186959511454e-01
   6.9000000000000000e+01   3.4760603362001952e-01
   7.0000000000000000e+01   2.5244782663231957e-01
   7.1000000000000000e+01   3.6285663560312997e-01
   7.2000000000000000e+01   2.9954494566486373e-01
   7.3000000000000000e+01   2.2893483834893968e-01
   7.4000000000000000e+01   4.0375657912353091e-01
   7.5000000000000000e+01   3.2495703357135625e-01
   7.6000000000000000e+01   2.4394240496144629e-01
   7.7000000000000000e+01   3.4863407472062929e-01
   7.8000000000000000e+01   2.7018037207488454e-01
   7.9000000000000000e+01   2.7159489492947053e-01
   8.0000000000000000e+01   4.5670389043560206e-01
   8.1000000000000000e+01   2.4853506324952734e-01
   8.2000000000000000e+01   2.5333065760011880e-01
   8.3000000000000000e+01   4.4237118527187841e-01
   8.4000000000000000e+01   2.6607485175447854e-01
   8.5000000000000000e+01   2.8795052799061321e-01
   8.6000000000000000e+01   3.3916100594717818e-01
   8.7000000000000000e+01   2.3639424158819636e-01
   8.8000000000000000e+01   3.4439452140815680e-01
   8.9000000000000000e+01   3.8744493993149604e-01
   9.0000000000000000e+01   2.3182179723690052e-01
   9.1000000000000000e+01   3.1158516527668773e-01
   9.2000000000000000e+01   3.3767212994651952e-01
   9.3000000000000000e+01   2.5694868496245465e-01
   9.4000000000000000e+01   3.7534152036192431e-01
   9.5000000000000000e+01   2.7575313374596694e-01
   9.6000000000000000e+01   2.3857282368679528e-01
   9.7000000000000000e+01   4.7108415490128180e-01
   9.8000000000000000e+01   2.9569827019519895e-01
   9.9000000000000000e+01   2.4753113512026717e-01
   1.0000000000000000e+02   3.6303046178979198e-01
