ARMA_MAT_TXT_FN008
321 1
   1.0000000000000018e+00
   1.0000000000000047e+00
   1.0000000000000033e+00
   1.0000000000000036e+00
   1.0000000000000031e+00
   1.0000000000000013e+00
   1.0000000000000018e+00
   1.0000000000000013e+00
   1.0000000000000020e+00
   9.9999999999999978e-01
   1.0000000000000022e+00
   1.0000000000000027e+00
   1.0000000000000002e+00
   1.0000000000000018e+00
   1.0000000000000013e+00
   1.0000000000000002e+00
   1.0000000000000031e+00
   9.9999999999999900e-01
   1.0000000000000004e+00
   1.0000000000000033e+00
   9.9999999999999978e-01
   1.0000000000000018e+00
   1.0000000000000000e+00
   1.0000000000000004e+00
   1.0000000000000013e+00
   9.9999999999999967e-01
   1.0000000000000013e+00
   1.0000000000000009e+00
   1.0000000000000013e+00
   9.9999999999999933e-01
   1.0000000000000000e+00
   1.0000000000000007e+00
   9.9999999999999956e-01
   9.9999999999999811e-01
   9.9999999999999889e-01
   9.9999999999999767e-01
   1.0000000000000000e+00
   1.0000000000000009e+00
   9.9999999999999933e-01
   9.9999999999999734e-01
   9.9999999999999867e-01
   9.9999999999999767e-01
   9.9999999999999867e-01
   9.9999999999999767e-01
   9.9999999999999889e-01
   9.9999999999999811e-01
   1.0000000000000000e+00
   9.9999999999999922e-01
   9.9999999999999778e-01
   9.9999999999999822e-01
   9.9999999999999667e-01
   9.9999999999999745e-01
   9.9999999999999645e-01
   9.9999999999999689e-01
   9.9999999999999534e-01
   9.9999999999999578e-01
   9.9999999999999512e-01
   9.9999999999999289e-01
   9.9999999999999467e-01
   9.9999999999999301e-01
   9.9999999999999378e-01
   9.9999999999999678e-01
   9.9999999999999734e-01
   9.9999999999999445e-01
   9.9999999999999667e-01
   9.9999999999999312e-01
   9.9999999999999434e-01
   9.9999999999999312e-01
   9.9999999999999334e-01
   9.9999999999999578e-01
   9.9999999999999289e-01
   9.9999999999999334e-01
   9.9999999999999456e-01
   9.9999999999999289e-01
   9.9999999999999223e-01
   9.9999999999999356e-01
   9.9999999999999289e-01
   9.9999999999999312e-01
   9.9999999999999289e-01
   9.9999999999999467e-01
   9.9999999999999400e-01
   9.9999999999999134e-01
   9.9999999999999423e-01
   9.9999999999999156e-01
   9.9999999999998979e-01
   9.9999999999999045e-01
   9.9999999999998912e-01
   9.9999999999999378e-01
   9.9999999999999045e-01
   9.9999999999999123e-01
   9.9999999999999134e-01
   9.9999999999999045e-01
   9.9999999999999090e-01
   9.9999999999998712e-01
   9.9999999999998901e-01
   9.9999999999999067e-01
   9.9999999999999023e-01
   9.9999999999998868e-01
   9.9999999999999067e-01
   9.9999999999998779e-01
   9.9999999999999190e-01
   9.9999999999998890e-01
   9.9999999999998768e-01
   9.9999999999999045e-01
   9.9999999999998823e-01
   9.9999999999999023e-01
   9.9999999999998812e-01
   9.9999999999998757e-01
   9.9999999999998768e-01
   9.9999999999998757e-01
   9.9999999999998690e-01
   9.9999999999998601e-01
   9.9999999999998923e-01
   9.9999999999998868e-01
   9.9999999999998668e-01
   9.9999999999999045e-01
   9.9999999999998901e-01
   9.9999999999998712e-01
   9.9999999999998679e-01
   9.9999999999998845e-01
   9.9999999999998823e-01
   9.9999999999998901e-01
   9.9999999999999079e-01
   9.9999999999998679e-01
   9.9999999999998668e-01
   9.9999999999998901e-01
   9.9999999999999201e-01
   9.9999999999998912e-01
   9.9999999999999167e-01
   9.9999999999999012e-01
   9.9999999999998845e-01
   9.9999999999998967e-01
   9.9999999999999156e-01
   9.9999999999998879e-01
   9.9999999999998856e-01
   9.9999999999999045e-01
   9.9999999999998945e-01
   9.9999999999998801e-01
   9.9999999999998868e-01
   9.9999999999999223e-01
   9.9999999999999367e-01
   9.9999999999999134e-01
   9.9999999999999101e-01
   9.9999999999999156e-01
   9.9999999999999178e-01
   9.9999999999998890e-01
   9.9999999999999289e-01
   9.9999999999998990e-01
   9.9999999999998845e-01
   9.9999999999999223e-01
   9.9999999999999312e-01
   9.9999999999999567e-01
   9.9999999999999534e-01
   9.9999999999999556e-01
   9.9999999999999256e-01
   9.9999999999999356e-01
   9.9999999999999667e-01
   9.9999999999999489e-01
   9.9999999999999534e-01
   9.9999999999999645e-01
   9.9999999999999500e-01
   9.9999999999999578e-01
   1.0000000000000004e+00
   9.9999999999999911e-01
   9.9999999999999767e-01
   9.9999999999999645e-01
   9.9999999999999822e-01
   9.9999999999999711e-01
   9.9999999999999689e-01
   9.9999999999999678e-01
   9.9999999999999867e-01
   9.9999999999999689e-01
   9.9999999999999645e-01
   9.9999999999999656e-01
   1.0000000000000016e+00
   9.9999999999999589e-01
   9.9999999999999645e-01
   9.9999999999999889e-01
   9.9999999999999722e-01
   1.0000000000000024e+00
   1.0000000000000004e+00
   9.9999999999999867e-01
   9.9999999999999689e-01
   9.9999999999999889e-01
   9.9999999999999645e-01
   1.0000000000000000e+00
   9.9999999999999978e-01
   9.9999999999999689e-01
   9.9999999999999833e-01
   9.9999999999999523e-01
   9.9999999999999423e-01
   1.0000000000000013e+00
   9.9999999999999556e-01
   9.9999999999999645e-01
   9.9999999999999289e-01
   9.9999999999999423e-01
   9.9999999999999711e-01
   9.9999999999999534e-01
   9.9999999999999489e-01
   9.9999999999999445e-01
   9.9999999999999734e-01
   9.9999999999999267e-01
   9.9999999999999145e-01
   9.9999999999999556e-01
   9.9999999999999445e-01
   9.9999999999999545e-01
   9.9999999999999156e-01
   9.9999999999999023e-01
   9.9999999999999289e-01
   9.9999999999999134e-01
   9.9999999999999023e-01
   9.9999999999999267e-01
   9.9999999999999167e-01
   9.9999999999999467e-01
   9.9999999999999356e-01
   9.9999999999999489e-01
   9.9999999999999001e-01
   9.9999999999999256e-01
   9.9999999999999334e-01
   9.9999999999999245e-01
   9.9999999999999312e-01
   9.9999999999999378e-01
   9.9999999999998934e-01
   9.9999999999998646e-01
   9.9999999999999134e-01
   9.9999999999998890e-01
   9.9999999999998812e-01
   9.9999999999999090e-01
   9.9999999999999234e-01
   9.9999999999998734e-01
   9.9999999999998646e-01
   9.9999999999998734e-01
   9.9999999999998490e-01
   9.9999999999998801e-01
   9.9999999999998490e-01
   9.9999999999998890e-01
   9.9999999999998668e-01
   9.9999999999998457e-01
   9.9999999999998801e-01
   9.9999999999998646e-01
   9.9999999999998357e-01
   9.9999999999998446e-01
   9.9999999999998446e-01
   9.9999999999998446e-01
   9.9999999999998168e-01
   9.9999999999998279e-01
   9.9999999999998512e-01
   9.9999999999998335e-01
   9.9999999999998002e-01
   9.9999999999998446e-01
   9.9999999999998468e-01
   9.9999999999998357e-01
   9.9999999999997913e-01
   9.9999999999998401e-01
   9.9999999999998535e-01
   9.9999999999997957e-01
   9.9999999999998268e-01
   9.9999999999998490e-01
   9.9999999999997824e-01
   9.9999999999998257e-01
   9.9999999999998179e-01
   9.9999999999997768e-01
   9.9999999999998090e-01
   9.9999999999997757e-01
   9.9999999999997669e-01
   9.9999999999998068e-01
   9.9999999999997913e-01
   9.9999999999997802e-01
   9.9999999999997669e-01
   9.9999999999997746e-01
   9.9999999999997546e-01
   9.9999999999997113e-01
   9.9999999999997702e-01
   9.9999999999997591e-01
   9.9999999999998157e-01
   9.9999999999997335e-01
   9.9999999999997158e-01
   9.9999999999997935e-01
   9.9999999999997713e-01
   9.9999999999998002e-01
   9.9999999999998368e-01
   9.9999999999997558e-01
   9.9999999999997735e-01
   9.9999999999998046e-01
   9.9999999999998068e-01
   9.9999999999998068e-01
   9.9999999999998423e-01
   9.9999999999998335e-01
   9.9999999999998268e-01
   9.9999999999997913e-01
   9.9999999999998523e-01
   9.9999999999998213e-01
   9.9999999999998301e-01
   9.9999999999998412e-01
   9.9999999999998934e-01
   9.9999999999998646e-01
   9.9999999999998734e-01
   9.9999999999998201e-01
   9.9999999999998224e-01
   9.9999999999998812e-01
   9.9999999999999178e-01
   9.9999999999998490e-01
   9.9999999999998979e-01
   9.9999999999999278e-01
   9.9999999999998979e-01
   9.9999999999998901e-01
   9.9999999999999112e-01
   9.9999999999998956e-01
   9.9999999999998757e-01
   9.9999999999999623e-01
   9.9999999999998923e-01
   9.9999999999999023e-01
   9.9999999999999178e-01
   9.9999999999999467e-01
   9.9999999999999289e-01
   9.9999999999999822e-01
   9.9999999999999478e-01
   9.9999999999999345e-01
   9.9999999999999067e-01
   9.9999999999999822e-01
   9.9999999999999711e-01
