ARMA_MAT_TXT_FN008
41 1
   1.0000000000000002e+00
   1.0000000000000011e+00
   9.9999999999999956e-01
   1.0000000000000007e+00
   9.9999999999999734e-01
   9.9999999999999800e-01
   9.9999999999999944e-01
   1.0000000000000000e+00
   9.9999999999999878e-01
   9.9999999999999578e-01
   9.9999999999999800e-01
   9.9999999999999956e-01
   9.9999999999999978e-01
   9.9999999999999933e-01
   9.9999999999999889e-01
   9.9999999999999578e-01
   9.9999999999999711e-01
   9.9999999999999811e-01
   9.9999999999999700e-01
   9.9999999999999434e-01
   9.9999999999999722e-01
   9.9999999999999967e-01
   9.9999999999999567e-01
   9.9999999999999400e-01
   9.9999999999999323e-01
   9.9999999999999523e-01
   9.9999999999999445e-01
   9.9999999999999578e-01
   9.9999999999999512e-01
   9.9999999999999334e-01
   9.9999999999999334e-01
   9.9999999999999423e-01
   9.9999999999999312e-01
   9.9999999999999289e-01
   9.9999999999999423e-01
   9.9999999999999356e-01
   9.9999999999999067e-01
   9.9999999999999223e-01
   9.9999999999999445e-01
   9.9999999999999423e-01
   9.9999999999999589e-01
